top-event	mission-time	probability
root	0	0
basic-event	occurrences	Pr	MIF	CIF	DIF	RAW	RRW
B334	0	0.0877811	0	0	0	0	0
B67	0	0.0723666	0	0	0	0	0
B336	0	0.0602658	0	0	0	0	0
B335	0	0.097651	0	0	0	0	0
B96	0	0.0404213	0	0	0	0	0
B54	0	0.0336923	0	0	0	0	0
B202	0	0.0174887	0	0	0	0	0
B337	0	0.0358775	0	0	0	0	0
B357	0	0.0207998	0	0	0	0	0
B153	0	0.0080371	0	0	0	0	0
B358	0	0.0530397	0	0	0	0	0
B239	0	0.0463412	0	0	0	0	0
B359	0	0.0583246	0	0	0	0	0
B135	0	0.0303813	0	0	0	0	0
B360	0	0.0134881	0	0	0	0	0
B361	0	0.0415959	0	0	0	0	0
B362	0	0.0196193	0	0	0	0	0
B332	0	0.00827796	0	0	0	0	0
B365	0	0.0410062	0	0	0	0	0
B94	0	0.00734933	0	0	0	0	0
B368	0	0.0243858	0	0	0	0	0
B75	0	0.0177598	0	0	0	0	0
B41	0	0.0638357	0	0	0	0	0
B290	0	0.0656217	0	0	0	0	0
B208	0	0.0819804	0	0	0	0	0
B372	0	0.0564585	0	0	0	0	0
B925	0	0.0437438	0	0	0	0	0
B240	0	0.0899584	0	0	0	0	0
B370	0	0.0516385	0	0	0	0	0
B371	0	0.085435	0	0	0	0	0
B374	0	0.0245965	0	0	0	0	0
B373	0	0.0967451	0	0	0	0	0
B285	0	0.00375663	0	0	0	0	0
B375	0	0.048557	0	0	0	0	0
B376	0	0.0393383	0	0	0	0	0
B271	0	0.0940891	0	0	0	0	0
B264	0	0.0467397	0	0	0	0	0
B192	0	0.0770288	0	0	0	0	0
B56	0	0.00733	0	0	0	0	0
B140	0	0.0514724	0	0	0	0	0
B263	0	0.0865675	0	0	0	0	0
B82	0	0.025637	0	0	0	0	0
B387	0	0.0561372	0	0	0	0	0
B386	0	0.0922913	0	0	0	0	0
B62	0	0.0628321	0	0	0	0	0
B388	0	0.0575232	0	0	0	0	0
B253	0	0.0424982	0	0	0	0	0
B389	0	0.0549006	0	0	0	0	0
B178	0	0.0126115	0	0	0	0	0
B390	0	0.0281557	0	0	0	0	0
B704	0	0.0207302	0	0	0	0	0
B703	0	0.0415491	0	0	0	0	0
B125	0	0.0802279	0	0	0	0	0
B860	0	0.0514199	0	0	0	0	0
B861	0	0.0423932	0	0	0	0	0
B13	0	0.000168054	0	0	0	0	0
B296	0	0.0435669	0	0	0	0	0
B6	0	0.0536207	0	0	0	0	0
B301	0	0.0821799	0	0	0	0	0
B289	0	0.0010966	0	0	0	0	0
B325	0	0.0213381	0	0	0	0	0
B391	0	0.0261938	0	0	0	0	0
B35	0	0.080934	0	0	0	0	0
B143	0	0.0545462	0	0	0	0	0
B283	0	0.0211638	0	0	0	0	0
B304	0	0.0361539	0	0	0	0	0
B393	0	0.0837828	0	0	0	0	0
B142	0	0.0500128	0	0	0	0	0
B50	0	0.0820192	0	0	0	0	0
B65	0	0.0229137	0	0	0	0	0
B397	0	0.0854572	0	0	0	0	0
B398	0	0.0201277	0	0	0	0	0
B113	0	0.00571686	0	0	0	0	0
B229	0	0.0660208	0	0	0	0	0
B403	0	0.0265871	0	0	0	0	0
B406	0	0.0127368	0	0	0	0	0
B407	0	0.0894392	0	0	0	0	0
B405	0	0.0508088	0	0	0	0	0
B708	0	0.0267935	0	0	0	0	0
B707	0	0.0461631	0	0	0	0	0
B255	0	0.0496815	0	0	0	0	0
B161	0	0.0317035	0	0	0	0	0
B7	0	0.0332204	0	0	0	0	0
B866	0	0.00697536	0	0	0	0	0
B101	0	0.0334837	0	0	0	0	0
B414	0	0.0757885	0	0	0	0	0
B413	0	0.0347805	0	0	0	0	0
B220	0	0.0571525	0	0	0	0	0
B76	0	0.0991958	0	0	0	0	0
B395	0	0.0755372	0	0	0	0	0
B193	0	0.034304	0	0	0	0	0
B396	0	0.0753224	0	0	0	0	0
B173	0	0.0577948	0	0	0	0	0
B394	0	0.0371107	0	0	0	0	0
B402	0	0.0671954	0	0	0	0	0
B112	0	0.087891	0	0	0	0	0
B400	0	0.095814	0	0	0	0	0
B401	0	0.0776297	0	0	0	0	0
B399	0	0.0187128	0	0	0	0	0
B233	0	0.0998134	0	0	0	0	0
B404	0	0.0357457	0	0	0	0	0
B412	0	0.0561295	0	0	0	0	0
B411	0	0.0472493	0	0	0	0	0
B419	0	0.0235183	0	0	0	0	0
B16	0	0.0597603	0	0	0	0	0
B10	0	0.0337223	0	0	0	0	0
B102	0	0.0348374	0	0	0	0	0
B415	0	0.0291308	0	0	0	0	0
B420	0	0.0082144	0	0	0	0	0
B127	0	0.00620651	0	0	0	0	0
B425	0	0.0378927	0	0	0	0	0
B84	0	0.0271937	0	0	0	0	0
B256	0	0.0164778	0	0	0	0	0
B238	0	0.086394	0	0	0	0	0
B145	0	0.0893435	0	0	0	0	0
B427	0	0.00177632	0	0	0	0	0
B424	0	0.0928627	0	0	0	0	0
B423	0	0.0341344	0	0	0	0	0
B29	0	0.0768797	0	0	0	0	0
B418	0	0.0957056	0	0	0	0	0
B417	0	0.0666099	0	0	0	0	0
B416	0	0.0630736	0	0	0	0	0
B169	0	0.0730563	0	0	0	0	0
B150	0	0.0322064	0	0	0	0	0
B421	0	0.0554421	0	0	0	0	0
B422	0	0.0578114	0	0	0	0	0
B305	0	0.0152883	0	0	0	0	0
B293	0	0.0941467	0	0	0	0	0
B206	0	0.0122336	0	0	0	0	0
B95	0	0.0694209	0	0	0	0	0
B435	0	0.0843961	0	0	0	0	0
B434	0	0.0686641	0	0	0	0	0
B246	0	0.032063	0	0	0	0	0
B266	0	0.00921678	0	0	0	0	0
B249	0	0.0062645	0	0	0	0	0
B442	0	0.0363339	0	0	0	0	0
B445	0	0.0396868	0	0	0	0	0
B137	0	0.00282678	0	0	0	0	0
B288	0	0.0927139	0	0	0	0	0
B452	0	0.0425989	0	0	0	0	0
B451	0	0.0743515	0	0	0	0	0
B98	0	0.0262547	0	0	0	0	0
B462	0	0.0724163	0	0	0	0	0
B311	0	0.0390093	0	0	0	0	0
B146	0	0.0340087	0	0	0	0	0
B92	0	0.000857113	0	0	0	0	0
B526	0	0.0109126	0	0	0	0	0
B554	0	0.0339468	0	0	0	0	0
B553	0	0.00844867	0	0	0	0	0
B552	0	0.000323792	0	0	0	0	0
B527	0	0.0471271	0	0	0	0	0
B555	0	0.00399856	0	0	0	0	0
B300	0	0.0670953	0	0	0	0	0
B586	0	0.0220927	0	0	0	0	0
B585	0	0.0258462	0	0	0	0	0
B309	0	0.0434609	0	0	0	0	0
B608	0	0.0933874	0	0	0	0	0
B606	0	0.0114417	0	0	0	0	0
B607	0	0.096862	0	0	0	0	0
B162	0	0.0341151	0	0	0	0	0
B141	0	0.013738	0	0	0	0	0
B624	0	0.047326	0	0	0	0	0
B623	0	0.0381993	0	0	0	0	0
B625	0	0.0938906	0	0	0	0	0
B317	0	0.0912628	0	0	0	0	0
B308	0	0.0662425	0	0	0	0	0
B47	0	0.0031851	0	0	0	0	0
B3	0	0.0107709	0	0	0	0	0
B236	0	0.0891534	0	0	0	0	0
B820	0	0.0876889	0	0	0	0	0
B152	0	0.0938263	0	0	0	0	0
B328	0	0.0829702	0	0	0	0	0
B822	0	0.0866693	0	0	0	0	0
B821	0	0.020845	0	0	0	0	0
B824	0	0.0571745	0	0	0	0	0
B242	0	0.07743	0	0	0	0	0
B823	0	0.0532508	0	0	0	0	0
B363	0	0.0668466	0	0	0	0	0
B364	0	0.0995133	0	0	0	0	0
B367	0	0.0372753	0	0	0	0	0
B366	0	0.0116365	0	0	0	0	0
B303	0	0.0025976	0	0	0	0	0
B369	0	0.0969534	0	0	0	0	0
B63	0	0.0012839	0	0	0	0	0
B227	0	0.0182214	0	0	0	0	0
B291	0	0.0546932	0	0	0	0	0
B108	0	0.0679055	0	0	0	0	0
B385	0	0.0696103	0	0	0	0	0
B853	0	0.0394169	0	0	0	0	0
B852	0	0.0762965	0	0	0	0	0
B87	0	0.010863	0	0	0	0	0
B855	0	0.0909377	0	0	0	0	0
B854	0	0.094686	0	0	0	0	0
B20	0	0.09054	0	0	0	0	0
B857	0	0.0215434	0	0	0	0	0
B856	0	0.0134885	0	0	0	0	0
B859	0	0.0605958	0	0	0	0	0
B858	0	0.0982423	0	0	0	0	0
B131	0	0.0871078	0	0	0	0	0
B163	0	0.0537687	0	0	0	0	0
B259	0	0.0763859	0	0	0	0	0
B673	0	0.0239708	0	0	0	0	0
B672	0	0.0420398	0	0	0	0	0
B671	0	0.00714872	0	0	0	0	0
B677	0	0.0949605	0	0	0	0	0
B679	0	0.0876012	0	0	0	0	0
B678	0	0.0132469	0	0	0	0	0
B680	0	0.0377797	0	0	0	0	0
B228	0	0.0019922	0	0	0	0	0
B682	0	0.0926447	0	0	0	0	0
B684	0	0.0588661	0	0	0	0	0
B121	0	0.0126479	0	0	0	0	0
B515	0	0.0686469	0	0	0	0	0
B159	0	0.0564629	0	0	0	0	0
B514	0	0.0803483	0	0	0	0	0
B683	0	0.0489675	0	0	0	0	0
B685	0	0.0287004	0	0	0	0	0
B59	0	0.0336113	0	0	0	0	0
B688	0	0.0905831	0	0	0	0	0
B691	0	0.0592902	0	0	0	0	0
B692	0	0.0913759	0	0	0	0	0
B333	0	0.0668748	0	0	0	0	0
B694	0	0.029354	0	0	0	0	0
B258	0	0.0524777	0	0	0	0	0
B693	0	0.0141852	0	0	0	0	0
B295	0	0.0879132	0	0	0	0	0
B154	0	0.0197103	0	0	0	0	0
B690	0	0.0752865	0	0	0	0	0
B689	0	0.0207162	0	0	0	0	0
B188	0	0.0361847	0	0	0	0	0
B172	0	0.0832779	0	0	0	0	0
B331	0	0.0324871	0	0	0	0	0
B687	0	0.0615974	0	0	0	0	0
B144	0	0.0369007	0	0	0	0	0
B837	0	0.0301411	0	0	0	0	0
B836	0	0.0885006	0	0	0	0	0
B686	0	0.0912003	0	0	0	0	0
B268	0	0.0544966	0	0	0	0	0
B681	0	0.0981164	0	0	0	0	0
B298	0	0.0185936	0	0	0	0	0
B46	0	0.0374528	0	0	0	0	0
B670	0	0.0600838	0	0	0	0	0
B204	0	0.0368524	0	0	0	0	0
B676	0	0.0685362	0	0	0	0	0
B675	0	0.0415332	0	0	0	0	0
B816	0	0.0641339	0	0	0	0	0
B815	0	0.0442346	0	0	0	0	0
B818	0	0.0685743	0	0	0	0	0
B270	0	0.0195307	0	0	0	0	0
B817	0	0.0651394	0	0	0	0	0
B819	0	0.00321593	0	0	0	0	0
B622	0	0.0910784	0	0	0	0	0
B91	0	0.0433206	0	0	0	0	0
B572	0	0.0965405	0	0	0	0	0
B201	0	0.0829359	0	0	0	0	0
B18	0	0.0315466	0	0	0	0	0
B100	0	0.0750817	0	0	0	0	0
B58	0	0.0573173	0	0	0	0	0
B508	0	0.053112	0	0	0	0	0
B507	0	0.0364069	0	0	0	0	0
B491	0	0.0111654	0	0	0	0	0
B42	0	0.0666661	0	0	0	0	0
B312	0	0.0983671	0	0	0	0	0
B509	0	0.045879	0	0	0	0	0
B528	0	0.0422425	0	0	0	0	0
B136	0	0.0791111	0	0	0	0	0
B556	0	0.0677333	0	0	0	0	0
B297	0	0.029139	0	0	0	0	0
B237	0	0.0220865	0	0	0	0	0
B573	0	0.0836089	0	0	0	0	0
B160	0	0.00851092	0	0	0	0	0
B587	0	0.0238703	0	0	0	0	0
B588	0	0.0856186	0	0	0	0	0
B609	0	0.0808273	0	0	0	0	0
B610	0	0.0717014	0	0	0	0	0
B616	0	0.0898757	0	0	0	0	0
B617	0	0.00140863	0	0	0	0	0
B273	0	0.0939393	0	0	0	0	0
B626	0	0.0711034	0	0	0	0	0
B49	0	0.0181473	0	0	0	0	0
B631	0	0.0514645	0	0	0	0	0
B313	0	0.0496938	0	0	0	0	0
B149	0	0.020328	0	0	0	0	0
B788	0	0.0931742	0	0	0	0	0
B789	0	0.0561621	0	0	0	0	0
B792	0	0.0522788	0	0	0	0	0
B791	0	0.0143906	0	0	0	0	0
B793	0	0.0567883	0	0	0	0	0
B951	0	0.0248493	0	0	0	0	0
B81	0	0.0193185	0	0	0	0	0
B244	0	0.0580109	0	0	0	0	0
B211	0	0.00516134	0	0	0	0	0
B952	0	0.0203977	0	0	0	0	0
B34	0	0.052708	0	0	0	0	0
B176	0	0.0224158	0	0	0	0	0
B110	0	0.0234971	0	0	0	0	0
B955	0	0.0449217	0	0	0	0	0
B954	0	0.0376323	0	0	0	0	0
B183	0	0.0494479	0	0	0	0	0
B22	0	0.0142184	0	0	0	0	0
B209	0	0.0322241	0	0	0	0	0
B90	0	0.0088798	0	0	0	0	0
B953	0	0.0118952	0	0	0	0	0
B302	0	0.0212019	0	0	0	0	0
B53	0	0.0170135	0	0	0	0	0
B80	0	0.0134736	0	0	0	0	0
B790	0	0.0628004	0	0	0	0	0
B829	0	0.0058083	0	0	0	0	0
B828	0	0.0195131	0	0	0	0	0
B827	0	0.0898623	0	0	0	0	0
B284	0	0.0241319	0	0	0	0	0
B969	0	0.0125434	0	0	0	0	0
B970	0	0.046485	0	0	0	0	0
B971	0	0.02733	0	0	0	0	0
B973	0	0.0768246	0	0	0	0	0
B57	0	0.0456773	0	0	0	0	0
B978	0	0.0556978	0	0	0	0	0
B977	0	0.0546429	0	0	0	0	0
B982	0	0.0481862	0	0	0	0	0
B985	0	0.0579943	0	0	0	0	0
B318	0	0.0125988	0	0	0	0	0
B989	0	0.0703151	0	0	0	0	0
B988	0	0.0542904	0	0	0	0	0
B990	0	0.0132915	0	0	0	0	0
B9	0	0.0159671	0	0	0	0	0
B992	0	0.0971707	0	0	0	0	0
B991	0	0.0832819	0	0	0	0	0
B993	0	3.06779e-05	0	0	0	0	0
B995	0	0.096064	0	0	0	0	0
B306	0	0.0224942	0	0	0	0	0
B104	0	0.0969686	0	0	0	0	0
B1000	0	0.0989521	0	0	0	0	0
B521	0	0.0675778	0	0	0	0	0
B520	0	0.00623793	0	0	0	0	0
B542	0	0.00674786	0	0	0	0	0
B541	0	0.0577299	0	0	0	0	0
B560	0	0.00758224	0	0	0	0	0
B559	0	0.0261898	0	0	0	0	0
B561	0	0.063644	0	0	0	0	0
B540	0	0.0590846	0	0	0	0	0
B539	0	0.0856692	0	0	0	0	0
B269	0	0.0279307	0	0	0	0	0
B213	0	0.0107475	0	0	0	0	0
B117	0	0.0655935	0	0	0	0	0
B126	0	0.0386252	0	0	0	0	0
B543	0	0.0397165	0	0	0	0	0
B562	0	0.0603231	0	0	0	0	0
B52	0	0.0658078	0	0	0	0	0
B578	0	0.0646781	0	0	0	0	0
B182	0	0.0609162	0	0	0	0	0
B186	0	0.00524448	0	0	0	0	0
B612	0	0.0488593	0	0	0	0	0
B219	0	0.0439227	0	0	0	0	0
B203	0	0.0559035	0	0	0	0	0
B12	0	0.0245171	0	0	0	0	0
B79	0	0.00441394	0	0	0	0	0
B627	0	0.021814	0	0	0	0	0
B634	0	0.0345738	0	0	0	0	0
B633	0	0.0433319	0	0	0	0	0
B628	0	0.0765751	0	0	0	0	0
B207	0	0.0265423	0	0	0	0	0
B545	0	0.0216434	0	0	0	0	0
B544	0	0.0640049	0	0	0	0	0
B130	0	0.0349546	0	0	0	0	0
B546	0	0.0395372	0	0	0	0	0
B72	0	0.0629994	0	0	0	0	0
B563	0	0.0248835	0	0	0	0	0
B17	0	0.00698863	0	0	0	0	0
B579	0	0.09484	0	0	0	0	0
B580	0	0.0433413	0	0	0	0	0
B299	0	0.0112728	0	0	0	0	0
B597	0	0.0406528	0	0	0	0	0
B596	0	0.0343283	0	0	0	0	0
B31	0	0.0801499	0	0	0	0	0
B582	0	0.0260829	0	0	0	0	0
B581	0	0.0963241	0	0	0	0	0
B40	0	0.068484	0	0	0	0	0
B119	0	0.0776135	0	0	0	0	0
B516	0	0.0382442	0	0	0	0	0
B518	0	0.0847388	0	0	0	0	0
B214	0	0.0573535	0	0	0	0	0
B517	0	0.0787599	0	0	0	0	0
B833	0	0.0421939	0	0	0	0	0
B279	0	0.0436017	0	0	0	0	0
B168	0	0.0483964	0	0	0	0	0
B225	0	0.0275029	0	0	0	0	0
B835	0	0.0784308	0	0	0	0	0
B158	0	0.0194171	0	0	0	0	0
B151	0	0.0398176	0	0	0	0	0
B382	0	0.0239069	0	0	0	0	0
B383	0	0.0708481	0	0	0	0	0
B280	0	0.0356473	0	0	0	0	0
B36	0	0.031527	0	0	0	0	0
B384	0	0.073504	0	0	0	0	0
B261	0	0.083964	0	0	0	0	0
B196	0	0.0180684	0	0	0	0	0
B834	0	0.0740743	0	0	0	0	0
B519	0	0.0283011	0	0	0	0	0
B265	0	0.0282454	0	0	0	0	0
B538	0	0.0713526	0	0	0	0	0
B124	0	0.0629621	0	0	0	0	0
B994	0	0.0505243	0	0	0	0	0
B997	0	0.0542094	0	0	0	0	0
B996	0	0.0327695	0	0	0	0	0
B998	0	0.0404275	0	0	0	0	0
B267	0	0.0442718	0	0	0	0	0
B999	0	0.0787995	0	0	0	0	0
B984	0	0.0456903	0	0	0	0	0
B275	0	0.079152	0	0	0	0	0
B55	0	0.0391199	0	0	0	0	0
B987	0	0.08948	0	0	0	0	0
B199	0	0.0414733	0	0	0	0	0
B231	0	0.0477327	0	0	0	0	0
B976	0	0.0547772	0	0	0	0	0
B975	0	0.0938577	0	0	0	0	0
B981	0	0.0914513	0	0	0	0	0
B983	0	0.0076201	0	0	0	0	0
B972	0	0.0685547	0	0	0	0	0
B974	0	0.0238792	0	0	0	0	0
B187	0	0.0861648	0	0	0	0	0
B979	0	0.0856015	0	0	0	0	0
B980	0	0.0486378	0	0	0	0	0
B217	0	0.0646839	0	0	0	0	0
B26	0	0.0573412	0	0	0	0	0
B986	0	0.00934644	0	0	0	0	0
B590	0	0.0511993	0	0	0	0	0
B589	0	0.0271983	0	0	0	0	0
B68	0	0.0909154	0	0	0	0	0
B851	0	0.053367	0	0	0	0	0
B286	0	0.0910025	0	0	0	0	0
B254	0	0.0607062	0	0	0	0	0
B148	0	0.0506306	0	0	0	0	0
B591	0	0.0907262	0	0	0	0	0
B592	0	0.0947256	0	0	0	0	0
B529	0	0.0370974	0	0	0	0	0
B147	0	0.0271759	0	0	0	0	0
B247	0	0.0386507	0	0	0	0	0
B120	0	0.0389265	0	0	0	0	0
B510	0	0.0684079	0	0	0	0	0
B70	0	0.0991793	0	0	0	0	0
B133	0	0.0980439	0	0	0	0	0
B28	0	0.0837839	0	0	0	0	0
B179	0	0.0634786	0	0	0	0	0
B732	0	0.0134258	0	0	0	0	0
B731	0	0.0353908	0	0	0	0	0
B730	0	0.0873767	0	0	0	0	0
B51	0	0.0913647	0	0	0	0	0
B733	0	0.0717287	0	0	0	0	0
B734	0	0.0285399	0	0	0	0	0
B447	0	0.0783905	0	0	0	0	0
B446	0	0.0337157	0	0	0	0	0
B458	0	0.0398311	0	0	0	0	0
B457	0	0.0623106	0	0	0	0	0
B71	0	0.096406	0	0	0	0	0
B465	0	0.0859529	0	0	0	0	0
B478	0	0.0906459	0	0	0	0	0
B107	0	0.0717721	0	0	0	0	0
B956	0	0.00167052	0	0	0	0	0
B957	0	0.0954638	0	0	0	0	0
B78	0	0.0751653	0	0	0	0	0
B45	0	0.0668474	0	0	0	0	0
B319	0	0.046011	0	0	0	0	0
B511	0	0.0959843	0	0	0	0	0
B132	0	0.0740167	0	0	0	0	0
B123	0	0.0517108	0	0	0	0	0
B138	0	0.0521596	0	0	0	0	0
B530	0	0.0664391	0	0	0	0	0
B479	0	0.0225268	0	0	0	0	0
B492	0	0.020931	0	0	0	0	0
B493	0	0.0074257	0	0	0	0	0
B533	0	0.0710116	0	0	0	0	0
B83	0	0.0352054	0	0	0	0	0
B25	0	0.0911151	0	0	0	0	0
B252	0	0.0416063	0	0	0	0	0
B577	0	0.000316779	0	0	0	0	0
B174	0	0.0486125	0	0	0	0	0
B189	0	0.0668951	0	0	0	0	0
B184	0	0.0695785	0	0	0	0	0
B27	0	0.0265329	0	0	0	0	0
B723	0	0.062487	0	0	0	0	0
B106	0	0.0419044	0	0	0	0	0
B724	0	0.0356117	0	0	0	0	0
B728	0	0.0398703	0	0	0	0	0
B727	0	0.084125	0	0	0	0	0
B726	0	0.0102922	0	0	0	0	0
B729	0	0.0744623	0	0	0	0	0
B205	0	0.0921684	0	0	0	0	0
B725	0	0.0430557	0	0	0	0	0
B804	0	0.0891238	0	0	0	0	0
B803	0	0.0729133	0	0	0	0	0
B103	0	0.0639132	0	0	0	0	0
B576	0	0.0260469	0	0	0	0	0
B218	0	0.0265922	0	0	0	0	0
B245	0	0.0981314	0	0	0	0	0
B294	0	0.0730772	0	0	0	0	0
B512	0	0.0400786	0	0	0	0	0
B532	0	0.0991071	0	0	0	0	0
B531	0	7.44468e-05	0	0	0	0	0
B494	0	0.00709875	0	0	0	0	0
B495	0	0.0342387	0	0	0	0	0
B513	0	0.00975087	0	0	0	0	0
B315	0	0.0139231	0	0	0	0	0
B536	0	0.00547328	0	0	0	0	0
B537	0	0.0251375	0	0	0	0	0
B320	0	0.0862152	0	0	0	0	0
B534	0	0.00905018	0	0	0	0	0
B535	0	0.0683262	0	0	0	0	0
B166	0	0.0534188	0	0	0	0	0
B134	0	0.0668838	0	0	0	0	0
B321	0	0.0551805	0	0	0	0	0
B69	0	0.0638804	0	0	0	0	0
B557	0	0.048959	0	0	0	0	0
B558	0	0.0810085	0	0	0	0	0
B575	0	0.0933636	0	0	0	0	0
B574	0	0.0152014	0	0	0	0	0
B595	0	0.0834864	0	0	0	0	0
B594	0	0.0192668	0	0	0	0	0
B593	0	0.00475309	0	0	0	0	0
B611	0	0.0941891	0	0	0	0	0
B635	0	0.0652758	0	0	0	0	0
B122	0	0.097493	0	0	0	0	0
B636	0	0.063741	0	0	0	0	0
B639	0	0.0120033	0	0	0	0	0
B638	0	0.0557115	0	0	0	0	0
B637	0	0.0133523	0	0	0	0	0
B30	0	0.0343469	0	0	0	0	0
B276	0	0.0110957	0	0	0	0	0
B640	0	0.0757766	0	0	0	0	0
B641	0	0.0793999	0	0	0	0	0
B642	0	0.0506131	0	0	0	0	0
B644	0	0.0586538	0	0	0	0	0
B643	0	0.0927413	0	0	0	0	0
B175	0	0.0395819	0	0	0	0	0
B156	0	0.0995265	0	0	0	0	0
B794	0	0.086514	0	0	0	0	0
B795	0	0.05706	0	0	0	0	0
B800	0	0.0263383	0	0	0	0	0
B798	0	0.0625177	0	0	0	0	0
B799	0	0.0982026	0	0	0	0	0
B801	0	0.0357471	0	0	0	0	0
B170	0	0.0776957	0	0	0	0	0
B802	0	0.0206499	0	0	0	0	0
B39	0	0.0512757	0	0	0	0	0
B797	0	0.0710136	0	0	0	0	0
B796	0	0.0619807	0	0	0	0	0
B645	0	0.0280607	0	0	0	0	0
B260	0	0.0926895	0	0	0	0	0
B832	0	0.0357729	0	0	0	0	0
B222	0	0.0690471	0	0	0	0	0
B157	0	0.089081	0	0	0	0	0
B195	0	0.082048	0	0	0	0	0
B212	0	0.0388424	0	0	0	0	0
B632	0	0.00350298	0	0	0	0	0
B109	0	0.0372116	0	0	0	0	0
B105	0	0.0883881	0	0	0	0	0
B481	0	0.0495759	0	0	0	0	0
B480	0	0.0619428	0	0	0	0	0
B471	0	0.0757792	0	0	0	0	0
B482	0	0.0405435	0	0	0	0	0
B647	0	0.0165748	0	0	0	0	0
B648	0	0.0724888	0	0	0	0	0
B646	0	0.0257026	0	0	0	0	0
B177	0	0.0501263	0	0	0	0	0
B650	0	0.0760612	0	0	0	0	0
B649	0	0.0794789	0	0	0	0	0
B651	0	0.0955842	0	0	0	0	0
B60	0	0.018907	0	0	0	0	0
B653	0	0.067297	0	0	0	0	0
B652	0	0.0080163	0	0	0	0	0
B654	0	0.0260458	0	0	0	0	0
B14	0	0.0436281	0	0	0	0	0
B8	0	0.0852088	0	0	0	0	0
B223	0	0.0501001	0	0	0	0	0
B655	0	0.0786879	0	0	0	0	0
B2	0	0.0407248	0	0	0	0	0
B234	0	0.014156	0	0	0	0	0
B89	0	0.0355068	0	0	0	0	0
B48	0	0.0754176	0	0	0	0	0
B695	0	0.0207183	0	0	0	0	0
B696	0	0.0931214	0	0	0	0	0
B698	0	0.08497	0	0	0	0	0
B700	0	0.0585467	0	0	0	0	0
B699	0	0.0784022	0	0	0	0	0
B448	0	0.0526012	0	0	0	0	0
B5	0	0.00381633	0	0	0	0	0
B197	0	0.0977231	0	0	0	0	0
B324	0	0.0288764	0	0	0	0	0
B483	0	0.000773276	0	0	0	0	0
B484	0	0.0267675	0	0	0	0	0
B61	0	0.00881664	0	0	0	0	0
B326	0	0.0936618	0	0	0	0	0
B180	0	0.0898269	0	0	0	0	0
B194	0	0.0753716	0	0	0	0	0
B466	0	0.0867587	0	0	0	0	0
B472	0	0.0754925	0	0	0	0	0
B33	0	0.0608906	0	0	0	0	0
B139	0	0.0871396	0	0	0	0	0
B485	0	0.0680734	0	0	0	0	0
B232	0	0.00427696	0	0	0	0	0
B330	0	0.0592827	0	0	0	0	0
B496	0	0.078408	0	0	0	0	0
B497	0	0.0770676	0	0	0	0	0
B111	0	0.00783857	0	0	0	0	0
B697	0	0.0701098	0	0	0	0	0
B310	0	0.056049	0	0	0	0	0
B453	0	0.0131371	0	0	0	0	0
B454	0	0.0546994	0	0	0	0	0
B292	0	0.00418513	0	0	0	0	0
B456	0	0.0103556	0	0	0	0	0
B455	0	0.0245955	0	0	0	0	0
B464	0	0.00445046	0	0	0	0	0
B463	0	0.00972245	0	0	0	0	0
B251	0	0.0168029	0	0	0	0	0
B443	0	0.0468606	0	0	0	0	0
B327	0	0.0105736	0	0	0	0	0
B444	0	0.0458735	0	0	0	0	0
B433	0	0.0266991	0	0	0	0	0
B11	0	0.0333803	0	0	0	0	0
B432	0	0.0278218	0	0	0	0	0
B431	0	0.0366641	0	0	0	0	0
B429	0	0.0174803	0	0	0	0	0
B428	0	0.0915601	0	0	0	0	0
B436	0	0.0164822	0	0	0	0	0
B257	0	0.00466306	0	0	0	0	0
B438	0	0.0298566	0	0	0	0	0
B437	0	0.0709146	0	0	0	0	0
B959	0	0.0593687	0	0	0	0	0
B960	0	0.0274989	0	0	0	0	0
B243	0	0.0288717	0	0	0	0	0
B129	0	0.066845	0	0	0	0	0
B962	0	0.0664446	0	0	0	0	0
B1	0	0.00871958	0	0	0	0	0
B569	0	0.0630039	0	0	0	0	0
B961	0	0.00418367	0	0	0	0	0
B963	0	0.0783598	0	0	0	0	0
B185	0	0.0122325	0	0	0	0	0
B967	0	0.0945291	0	0	0	0	0
B965	0	0.0879333	0	0	0	0	0
B966	0	0.0320716	0	0	0	0	0
B964	0	0.059086	0	0	0	0	0
B38	0	0.0769281	0	0	0	0	0
B968	0	0.033413	0	0	0	0	0
B929	0	0.0945025	0	0	0	0	0
B928	0	0.05821	0	0	0	0	0
B118	0	0.0915824	0	0	0	0	0
B248	0	0.0687992	0	0	0	0	0
B930	0	0.0838453	0	0	0	0	0
B198	0	0.00624516	0	0	0	0	0
B24	0	0.00212458	0	0	0	0	0
B932	0	0.00462396	0	0	0	0	0
B931	0	0.0517699	0	0	0	0	0
B933	0	0.0358599	0	0	0	0	0
B314	0	0.00426042	0	0	0	0	0
B115	0	0.0537541	0	0	0	0	0
B426	0	0.00649444	0	0	0	0	0
B430	0	0.0705068	0	0	0	0	0
B868	0	0.0668748	0	0	0	0	0
B97	0	0.0985348	0	0	0	0	0
B867	0	0.0868095	0	0	0	0	0
B19	0	0.0448327	0	0	0	0	0
B440	0	0.0144794	0	0	0	0	0
B439	0	0.000454072	0	0	0	0	0
B441	0	0.0924436	0	0	0	0	0
B449	0	0.0695751	0	0	0	0	0
B459	0	0.0253534	0	0	0	0	0
B924	0	0.0396959	0	0	0	0	0
B64	0	0.035192	0	0	0	0	0
B241	0	0.0887525	0	0	0	0	0
B450	0	0.0734881	0	0	0	0	0
B181	0	0.0790528	0	0	0	0	0
B200	0	0.050048	0	0	0	0	0
B316	0	0.0731224	0	0	0	0	0
B500	0	0.00153192	0	0	0	0	0
B322	0	0.00174324	0	0	0	0	0
B164	0	0.0929375	0	0	0	0	0
B262	0	0.030276	0	0	0	0	0
B88	0	0.00626181	0	0	0	0	0
B524	0	0.0871473	0	0	0	0	0
B498	0	0.0588344	0	0	0	0	0
B499	0	0.0218736	0	0	0	0	0
B710	0	0.0277468	0	0	0	0	0
B709	0	0.0189266	0	0	0	0	0
B274	0	0.0406419	0	0	0	0	0
B167	0	0.0786082	0	0	0	0	0
B735	0	0.00195373	0	0	0	0	0
B221	0	0.0248421	0	0	0	0	0
B282	0	0.0194468	0	0	0	0	0
B564	0	0.0633278	0	0	0	0	0
B598	0	0.0941513	0	0	0	0	0
B613	0	0.0736712	0	0	0	0	0
B614	0	0.0595425	0	0	0	0	0
B621	0	0.0599583	0	0	0	0	0
B190	0	0.0420767	0	0	0	0	0
B235	0	0.0870469	0	0	0	0	0
B630	0	0.0181808	0	0	0	0	0
B629	0	0.0302631	0	0	0	0	0
B618	0	0.0973974	0	0	0	0	0
B620	0	0.0318978	0	0	0	0	0
B329	0	0.0753012	0	0	0	0	0
B619	0	0.0516631	0	0	0	0	0
B77	0	0.0444505	0	0	0	0	0
B600	0	0.0636866	0	0	0	0	0
B599	0	0.0425101	0	0	0	0	0
B15	0	0.00876226	0	0	0	0	0
B583	0	0.00417697	0	0	0	0	0
B85	0	0.0434274	0	0	0	0	0
B712	0	0.033649	0	0	0	0	0
B711	0	0.0872803	0	0	0	0	0
B287	0	0.00734492	0	0	0	0	0
B715	0	0.0920858	0	0	0	0	0
B716	0	0.0555617	0	0	0	0	0
B155	0	0.0199507	0	0	0	0	0
B717	0	0.0784099	0	0	0	0	0
B721	0	0.0878587	0	0	0	0	0
B720	0	0.064444	0	0	0	0	0
B722	0	0.0802084	0	0	0	0	0
B116	0	0.0146148	0	0	0	0	0
B549	0	0.00502527	0	0	0	0	0
B571	0	0.0722173	0	0	0	0	0
B570	0	0.00577292	0	0	0	0	0
B114	0	0.0518701	0	0	0	0	0
B714	0	0.0863457	0	0	0	0	0
B713	0	0.0549563	0	0	0	0	0
B719	0	0.0969787	0	0	0	0	0
B718	0	0.0583552	0	0	0	0	0
B323	0	0.0520877	0	0	0	0	0
B272	0	0.00677842	0	0	0	0	0
B523	0	0.0213257	0	0	0	0	0
B522	0	0.085909	0	0	0	0	0
B210	0	0.0944222	0	0	0	0	0
B488	0	0.0141465	0	0	0	0	0
B501	0	0.010509	0	0	0	0	0
B502	0	0.0174273	0	0	0	0	0
B476	0	0.00882885	0	0	0	0	0
B66	0	0.0532002	0	0	0	0	0
B477	0	0.0553817	0	0	0	0	0
B946	0	0.0346461	0	0	0	0	0
B947	0	0.0452095	0	0	0	0	0
B948	0	0.0558049	0	0	0	0	0
B44	0	0.0486142	0	0	0	0	0
B469	0	0.00613492	0	0	0	0	0
B128	0	0.0136024	0	0	0	0	0
B489	0	0.0829114	0	0	0	0	0
B504	0	0.0183726	0	0	0	0	0
B503	0	0.00118074	0	0	0	0	0
B659	0	0.0873497	0	0	0	0	0
B661	0	0.0888679	0	0	0	0	0
B660	0	0.095642	0	0	0	0	0
B191	0	0.0358677	0	0	0	0	0
B657	0	0.0213475	0	0	0	0	0
B656	0	0.0164634	0	0	0	0	0
B658	0	0.0789004	0	0	0	0	0
B73	0	0.0233381	0	0	0	0	0
B662	0	0.0363381	0	0	0	0	0
B664	0	0.0338283	0	0	0	0	0
B665	0	0.0695563	0	0	0	0	0
B666	0	0.0687521	0	0	0	0	0
B667	0	0.099744	0	0	0	0	0
B669	0	0.0415912	0	0	0	0	0
B674	0	0.0058433	0	0	0	0	0
B668	0	0.0206298	0	0	0	0	0
B812	0	0.0704409	0	0	0	0	0
B99	0	0.0472516	0	0	0	0	0
B663	0	0.0847353	0	0	0	0	0
B32	0	0.020687	0	0	0	0	0
B548	0	0.0956689	0	0	0	0	0
B934	0	0.0235632	0	0	0	0	0
B936	0	0.0752244	0	0	0	0	0
B935	0	0.0740789	0	0	0	0	0
B937	0	0.0983825	0	0	0	0	0
B939	0	0.0175925	0	0	0	0	0
B938	0	0.0411731	0	0	0	0	0
B943	0	0.012498	0	0	0	0	0
B940	0	0.0838591	0	0	0	0	0
B942	0	0.0872135	0	0	0	0	0
B941	0	0.0639238	0	0	0	0	0
B950	0	0.0173417	0	0	0	0	0
B949	0	0.0273699	0	0	0	0	0
B525	0	0.0815685	0	0	0	0	0
B165	0	0.0809021	0	0	0	0	0
B215	0	0.0963125	0	0	0	0	0
B171	0	0.0256859	0	0	0	0	0
B547	0	0.0872862	0	0	0	0	0
B566	0	0.0172927	0	0	0	0	0
B565	0	0.0314202	0	0	0	0	0
B567	0	0.0764248	0	0	0	0	0
B93	0	0.0535806	0	0	0	0	0
B568	0	0.00700095	0	0	0	0	0
B584	0	0.0540882	0	0	0	0	0
B601	0	0.0342583	0	0	0	0	0
B958	0	0.0337852	0	0	0	0	0
B604	0	0.0825601	0	0	0	0	0
B603	0	0.0282477	0	0	0	0	0
B602	0	0.0190281	0	0	0	0	0
B37	0	0.0398244	0	0	0	0	0
B838	0	0.00373506	0	0	0	0	0
B839	0	0.0692707	0	0	0	0	0
B840	0	0.0673862	0	0	0	0	0
B845	0	0.0206892	0	0	0	0	0
B844	0	0.0171214	0	0	0	0	0
B842	0	0.0543211	0	0	0	0	0
B841	0	0.095095	0	0	0	0	0
B843	0	0.0398061	0	0	0	0	0
B277	0	0.0570012	0	0	0	0	0
B846	0	0.00603636	0	0	0	0	0
B847	0	0.0320761	0	0	0	0	0
B848	0	0.0897598	0	0	0	0	0
B850	0	0.0819535	0	0	0	0	0
B849	0	0.0997572	0	0	0	0	0
B813	0	0.036488	0	0	0	0	0
B814	0	0.0513533	0	0	0	0	0
B605	0	0.093947	0	0	0	0	0
B74	0	0.0483817	0	0	0	0	0
B615	0	0.0668169	0	0	0	0	0
B224	0	0.0905464	0	0	0	0	0
B474	0	0.000429852	0	0	0	0	0
B473	0	0.0267762	0	0	0	0	0
B487	0	0.0107776	0	0	0	0	0
B486	0	0.0243371	0	0	0	0	0
B278	0	0.0761699	0	0	0	0	0
B475	0	0.000483432	0	0	0	0	0
B702	0	0.0163973	0	0	0	0	0
B701	0	0.0211677	0	0	0	0	0
B470	0	0.0942875	0	0	0	0	0
B490	0	0.0136074	0	0	0	0	0
B551	0	0.0469829	0	0	0	0	0
B550	0	0.0227911	0	0	0	0	0
B506	0	0.0876223	0	0	0	0	0
B505	0	0.0158288	0	0	0	0	0
B705	0	0.0403606	0	0	0	0	0
B706	0	0.0980354	0	0	0	0	0
B461	0	0.091734	0	0	0	0	0
B460	0	0.0259389	0	0	0	0	0
B869	0	0.0171189	0	0	0	0	0
B870	0	0.0664525	0	0	0	0	0
B881	0	0.0182302	0	0	0	0	0
B880	0	0.00108767	0	0	0	0	0
B890	0	0.0511639	0	0	0	0	0
B901	0	0.0289803	0	0	0	0	0
B902	0	0.0452207	0	0	0	0	0
B216	0	0.0324702	0	0	0	0	0
B339	0	0.0208241	0	0	0	0	0
B340	0	0.0615269	0	0	0	0	0
B226	0	0.0954855	0	0	0	0	0
B23	0	0.0790074	0	0	0	0	0
B349	0	0.0508636	0	0	0	0	0
B86	0	0.0420363	0	0	0	0	0
B350	0	0.0697217	0	0	0	0	0
B307	0	0.0222057	0	0	0	0	0
B341	0	0.00916332	0	0	0	0	0
B344	0	0.0652259	0	0	0	0	0
B343	0	0.0833499	0	0	0	0	0
B21	0	0.00927736	0	0	0	0	0
B353	0	0.0346	0	0	0	0	0
B342	0	0.0663863	0	0	0	0	0
B345	0	0.09769	0	0	0	0	0
B346	0	0.0712818	0	0	0	0	0
B354	0	0.0921458	0	0	0	0	0
B356	0	0.0332338	0	0	0	0	0
B355	0	0.0414618	0	0	0	0	0
B250	0	0.0253369	0	0	0	0	0
B351	0	0.0673368	0	0	0	0	0
B352	0	0.0822179	0	0	0	0	0
B737	0	0.083502	0	0	0	0	0
B736	0	0.0684064	0	0	0	0	0
B739	0	0.00590467	0	0	0	0	0
B742	0	0.0265651	0	0	0	0	0
B743	0	0.00859402	0	0	0	0	0
B738	0	0.035203	0	0	0	0	0
B740	0	0.0259724	0	0	0	0	0
B741	0	0.0269727	0	0	0	0	0
B745	0	0.099905	0	0	0	0	0
B744	0	0.0525813	0	0	0	0	0
B756	0	0.000772648	0	0	0	0	0
B865	0	0.0439868	0	0	0	0	0
B864	0	0.0761302	0	0	0	0	0
B863	0	0.0110483	0	0	0	0	0
B862	0	0.060151	0	0	0	0	0
B758	0	0.0036824	0	0	0	0	0
B749	0	0.041917	0	0	0	0	0
B751	0	0.0403705	0	0	0	0	0
B765	0	0.0567623	0	0	0	0	0
B831	0	0.0035913	0	0	0	0	0
B830	0	0.0115273	0	0	0	0	0
B747	0	0.0129761	0	0	0	0	0
B746	0	0.0452643	0	0	0	0	0
B230	0	0.0733765	0	0	0	0	0
B752	0	0.0252245	0	0	0	0	0
B764	0	0.0340894	0	0	0	0	0
B772	0	0.0959874	0	0	0	0	0
B771	0	0.0705384	0	0	0	0	0
B770	0	0.0253641	0	0	0	0	0
B769	0	0.0191461	0	0	0	0	0
B766	0	0.0533293	0	0	0	0	0
B762	0	0.0209639	0	0	0	0	0
B763	0	0.0427288	0	0	0	0	0
B761	0	0.0204317	0	0	0	0	0
B826	0	0.0961474	0	0	0	0	0
B757	0	0.0865716	0	0	0	0	0
B759	0	0.0100237	0	0	0	0	0
B760	0	0.057335	0	0	0	0	0
B805	0	0.0229701	0	0	0	0	0
B806	0	0.0296599	0	0	0	0	0
B807	0	0.0833531	0	0	0	0	0
B811	0	0.0230533	0	0	0	0	0
B810	0	0.058856	0	0	0	0	0
B809	0	0.0218884	0	0	0	0	0
B808	0	0.0344441	0	0	0	0	0
B767	0	0.00335626	0	0	0	0	0
B777	0	0.0873905	0	0	0	0	0
B782	0	0.0773788	0	0	0	0	0
B784	0	0.00911251	0	0	0	0	0
B945	0	0.0490096	0	0	0	0	0
B944	0	0.0897072	0	0	0	0	0
B825	0	0.0359913	0	0	0	0	0
B774	0	0.0240141	0	0	0	0	0
B773	0	0.0749494	0	0	0	0	0
B775	0	0.0799735	0	0	0	0	0
B776	0	0.0484641	0	0	0	0	0
B281	0	0.0493224	0	0	0	0	0
B781	0	0.0527998	0	0	0	0	0
B783	0	0.00207593	0	0	0	0	0
B785	0	0.0987237	0	0	0	0	0
B780	0	0.0198764	0	0	0	0	0
B779	0	0.0288542	0	0	0	0	0
B768	0	0.069199	0	0	0	0	0
B778	0	0.0549962	0	0	0	0	0
B748	0	0.0614984	0	0	0	0	0
B750	0	0.00600108	0	0	0	0	0
B755	0	0.0721117	0	0	0	0	0
B754	0	0.0887068	0	0	0	0	0
B753	0	0.0845239	0	0	0	0	0
B348	0	0.0416264	0	0	0	0	0
B347	0	0.0879602	0	0	0	0	0
B392	0	0.0830335	0	0	0	0	0
B905	0	0.00313661	0	0	0	0	0
B909	0	0.0301045	0	0	0	0	0
B910	0	0.0664007	0	0	0	0	0
B914	0	0.0424015	0	0	0	0	0
B4	0	0.09012	0	0	0	0	0
B871	0	0.0269448	0	0	0	0	0
B872	0	0.0616223	0	0	0	0	0
B873	0	0.0890148	0	0	0	0	0
B874	0	0.00189261	0	0	0	0	0
B883	0	0.0577666	0	0	0	0	0
B882	0	0.0889867	0	0	0	0	0
B891	0	0.0327979	0	0	0	0	0
B904	0	0.0548215	0	0	0	0	0
B903	0	0.0341508	0	0	0	0	0
B907	0	0.0448745	0	0	0	0	0
B906	0	0.0925584	0	0	0	0	0
B875	0	0.0561858	0	0	0	0	0
B876	0	0.080205	0	0	0	0	0
B884	0	0.0925129	0	0	0	0	0
B893	0	0.0927166	0	0	0	0	0
B892	0	0.0335589	0	0	0	0	0
B896	0	0.0101949	0	0	0	0	0
B895	0	0.00787871	0	0	0	0	0
B887	0	0.00997669	0	0	0	0	0
B886	0	0.0173608	0	0	0	0	0
B897	0	0.0951964	0	0	0	0	0
B898	0	0.0688343	0	0	0	0	0
B908	0	0.0122778	0	0	0	0	0
B911	0	0.0468759	0	0	0	0	0
B912	0	0.0707384	0	0	0	0	0
B915	0	0.0986488	0	0	0	0	0
B916	0	0.0918172	0	0	0	0	0
B919	0	0.00330322	0	0	0	0	0
B917	0	0.0651755	0	0	0	0	0
B918	0	0.0872349	0	0	0	0	0
B920	0	0.0823849	0	0	0	0	0
B922	0	0.00205519	0	0	0	0	0
B921	0	0.0846669	0	0	0	0	0
B923	0	0.089348	0	0	0	0	0
B913	0	0.00980453	0	0	0	0	0
B899	0	0.0485185	0	0	0	0	0
B900	0	0.018081	0	0	0	0	0
B889	0	0.018143	0	0	0	0	0
B888	0	0.099596	0	0	0	0	0
B878	0	0.00911367	0	0	0	0	0
B879	0	0.00813217	0	0	0	0	0
B877	0	0.0223618	0	0	0	0	0
B885	0	0.0564294	0	0	0	0	0
B894	0	0.0696922	0	0	0	0	0
B468	0	0.072143	0	0	0	0	0
B467	0	0.0124001	0	0	0	0	0
B408	0	0.0983576	0	0	0	0	0
B410	0	0.0585594	0	0	0	0	0
B409	0	0.00468497	0	0	0	0	0
B786	0	0.0483882	0	0	0	0	0
B787	0	0.0115063	0	0	0	0	0
B927	0	0.0474608	0	0	0	0	0
B926	0	0.074811	0	0	0	0	0
B377	0	0.0955922	0	0	0	0	0
B380	0	0.00722794	0	0	0	0	0
B381	0	0.0230987	0	0	0	0	0
B378	0	0.0777331	0	0	0	0	0
B379	0	0.00184519	0	0	0	0	0
B43	0	0.08901	0	0	0	0	0
B338	0	0.00746151	0	0	0	0	0
