top-event	mission-time	probability
root	0	1.33929e-05
basic-event	occurrences	Pr	MIF	CIF	DIF	RAW	RRW
B429	2	0.0993066	0.000134864	1	1	10.0698	0
B218	2	0.0265922	0.000503642	1	1	37.6051	0
B103	2	0.0639132	0.000209549	1	1	15.6462	0
B430	1	0.00627403	0.00016878	0.0790666	0.0848446	13.5231	1.08585
B294	1	0.0730772	0.00016878	0.920933	0.926711	12.6813	12.6476
B76	0	0.0991958	0	0	0.0991958	1	1
B431	0	0.065808	0	0	0.065808	1	1
B347	0	0.00596349	0	0	0.00596349	1	1
B432	0	0.0665577	0	0	0.0665577	1	1
B406	0	0.0163364	0	0	0.0163364	1	1
B401	0	0.0358274	0	0	0.0358274	1	1
B100	0	0.0750817	0	0	0.0750817	1	1
B39	0	0.0512757	0	0	0.0512757	1	1
B35	0	0.080934	0	0	0.080934	1	1
B434	0	0.0921458	0	0	0.0921458	1	1
B435	0	0.0414618	0	0	0.0414618	1	1
B436	0	0.0332338	0	0	0.0332338	1	1
B155	0	0.0199507	0	0	0.0199507	1	1
B112	0	0.087891	0	0	0.087891	1	1
B238	0	0.086394	0	0	0.086394	1	1
B440	0	0.0607402	0	0	0.0607402	1	1
B299	0	0.0112728	0	0	0.0112728	1	1
B283	0	0.0211638	0	0	0.0211638	1	1
B441	0	0.0988485	0	0	0.0988485	1	1
B85	0	0.0434274	0	0	0.0434274	1	1
B442	0	0.0196193	0	0	0.0196193	1	1
B443	0	0.0925887	0	0	0.0925887	1	1
B128	0	0.0136024	0	0	0.0136024	1	1
B342	0	0.00323008	0	0	0.00323008	1	1
B258	0	0.0524777	0	0	0.0524777	1	1
B98	0	0.0262547	0	0	0.0262547	1	1
B167	0	0.0786082	0	0	0.0786082	1	1
B362	0	0.0400718	0	0	0.0400718	1	1
B446	0	0.0767888	0	0	0.0767888	1	1
B448	0	0.00750699	0	0	0.00750699	1	1
B364	0	0.0814654	0	0	0.0814654	1	1
B389	0	0.0646608	0	0	0.0646608	1	1
B801	0	0.0882942	0	0	0.0882942	1	1
B222	0	0.0690471	0	0	0.0690471	1	1
B69	0	0.0638804	0	0	0.0638804	1	1
B305	0	0.0152883	0	0	0.0152883	1	1
B281	0	0.0493224	0	0	0.0493224	1	1
B390	0	0.00798941	0	0	0.00798941	1	1
B73	0	0.0233381	0	0	0.0233381	1	1
B172	0	0.0832779	0	0	0.0832779	1	1
B141	0	0.013738	0	0	0.013738	1	1
B75	0	0.0177598	0	0	0.0177598	1	1
B264	0	0.0467397	0	0	0.0467397	1	1
B36	0	0.031527	0	0	0.031527	1	1
B368	0	0.0288075	0	0	0.0288075	1	1
B497	0	0.0675977	0	0	0.0675977	1	1
B496	0	0.0241652	0	0	0.0241652	1	1
B502	0	0.0327569	0	0	0.0327569	1	1
B248	0	0.0687992	0	0	0.0687992	1	1
B979	0	0.0851478	0	0	0.0851478	1	1
B49	0	0.0181473	0	0	0.0181473	1	1
B246	0	0.032063	0	0	0.032063	1	1
B511	0	0.0873144	0	0	0.0873144	1	1
B510	0	0.0474983	0	0	0.0474983	1	1
B500	0	0.0366641	0	0	0.0366641	1	1
B394	0	0.0104627	0	0	0.0104627	1	1
B317	0	0.0912628	0	0	0.0912628	1	1
B503	0	0.0970589	0	0	0.0970589	1	1
B321	0	0.0551805	0	0	0.0551805	1	1
B504	0	0.0968418	0	0	0.0968418	1	1
B499	0	0.0475397	0	0	0.0475397	1	1
B498	0	0.0496438	0	0	0.0496438	1	1
B507	0	0.018519	0	0	0.018519	1	1
B506	0	0.0158916	0	0	0.0158916	1	1
B267	0	0.0442718	0	0	0.0442718	1	1
B32	0	0.020687	0	0	0.020687	1	1
B529	0	0.0489301	0	0	0.0489301	1	1
B528	0	0.00333538	0	0	0.00333538	1	1
B530	0	0.0253534	0	0	0.0253534	1	1
B959	0	0.0673836	0	0	0.0673836	1	1
B217	0	0.0646839	0	0	0.0646839	1	1
B142	0	0.0500128	0	0	0.0500128	1	1
B960	0	0.0598914	0	0	0.0598914	1	1
B360	0	0.000955137	0	0	0.000955137	1	1
B531	0	0.0259389	0	0	0.0259389	1	1
B532	0	0.0307516	0	0	0.0307516	1	1
B534	0	0.0204327	0	0	0.0204327	1	1
B533	0	0.00232037	0	0	0.00232037	1	1
B201	0	0.0829359	0	0	0.0829359	1	1
B247	0	0.0386507	0	0	0.0386507	1	1
B505	0	0.0707357	0	0	0.0707357	1	1
B115	0	0.0537541	0	0	0.0537541	1	1
B243	0	0.0288717	0	0	0.0288717	1	1
B495	0	0.0555894	0	0	0.0555894	1	1
B501	0	0.050776	0	0	0.050776	1	1
B509	0	0.0980369	0	0	0.0980369	1	1
B508	0	0.0794281	0	0	0.0794281	1	1
B150	0	0.0322064	0	0	0.0322064	1	1
B383	0	0.0602658	0	0	0.0602658	1	1
B346	0	0.0661309	0	0	0.0661309	1	1
B550	0	0.0452361	0	0	0.0452361	1	1
B65	0	0.0229137	0	0	0.0229137	1	1
B182	0	0.0609162	0	0	0.0609162	1	1
B185	0	0.0122325	0	0	0.0122325	1	1
B138	0	0.0521596	0	0	0.0521596	1	1
B396	0	0.0745579	0	0	0.0745579	1	1
B392	0	0.0610013	0	0	0.0610013	1	1
B68	0	0.0909154	0	0	0.0909154	1	1
B553	0	0.00152684	0	0	0.00152684	1	1
B104	0	0.0969686	0	0	0.0969686	1	1
B43	0	0.08901	0	0	0.08901	1	1
B189	0	0.0668951	0	0	0.0668951	1	1
B227	0	0.0182214	0	0	0.0182214	1	1
B169	0	0.0730563	0	0	0.0730563	1	1
B38	0	0.0769281	0	0	0.0769281	1	1
B51	0	0.0913647	0	0	0.0913647	1	1
B552	0	0.0996159	0	0	0.0996159	1	1
B239	0	0.0463412	0	0	0.0463412	1	1
B381	0	0.0846505	0	0	0.0846505	1	1
B322	0	0.00174324	0	0	0.00174324	1	1
B275	0	0.079152	0	0	0.079152	1	1
B110	0	0.0234971	0	0	0.0234971	1	1
B557	0	0.0565266	0	0	0.0565266	1	1
B554	0	0.0600864	0	0	0.0600864	1	1
B57	0	0.0456773	0	0	0.0456773	1	1
B560	0	0.028826	0	0	0.028826	1	1
B190	0	0.0420767	0	0	0.0420767	1	1
B266	0	0.00921678	0	0	0.00921678	1	1
B564	0	0.0922992	0	0	0.0922992	1	1
B563	0	0.00587023	0	0	0.00587023	1	1
B363	0	0.0786894	0	0	0.0786894	1	1
B154	0	0.0197103	0	0	0.0197103	1	1
B78	0	0.0751653	0	0	0.0751653	1	1
B288	0	0.0927139	0	0	0.0927139	1	1
B565	0	0.0558294	0	0	0.0558294	1	1
B37	0	0.0398244	0	0	0.0398244	1	1
B50	0	0.0820192	0	0	0.0820192	1	1
B146	0	0.0340087	0	0	0.0340087	1	1
B308	0	0.0662425	0	0	0.0662425	1	1
B352	0	0.0358939	0	0	0.0358939	1	1
B367	0	0.0924778	0	0	0.0924778	1	1
B569	0	0.00502482	0	0	0.00502482	1	1
B254	0	0.0607062	0	0	0.0607062	1	1
B398	0	0.0634909	0	0	0.0634909	1	1
B64	0	0.035192	0	0	0.035192	1	1
B261	0	0.083964	0	0	0.083964	1	1
B790	0	0.0149451	0	0	0.0149451	1	1
B792	0	0.0493477	0	0	0.0493477	1	1
B419	0	0.00736014	0	0	0.00736014	1	1
B791	0	0.0713116	0	0	0.0713116	1	1
B328	0	0.0829702	0	0	0.0829702	1	1
B137	0	0.00282678	0	0	0.00282678	1	1
B108	0	0.0679055	0	0	0.0679055	1	1
B572	0	0.0588344	0	0	0.0588344	1	1
B324	0	0.0288764	0	0	0.0288764	1	1
B576	0	0.0364069	0	0	0.0364069	1	1
B586	0	0.00623793	0	0	0.00623793	1	1
B587	0	0.0675778	0	0	0.0675778	1	1
B282	0	0.0194468	0	0	0.0194468	1	1
B135	0	0.0303813	0	0	0.0303813	1	1
B386	0	0.000329651	0	0	0.000329651	1	1
B421	0	0.0254859	0	0	0.0254859	1	1
B393	0	0.0444724	0	0	0.0444724	1	1
B592	0	0.0427211	0	0	0.0427211	1	1
B593	0	0.0109126	0	0	0.0109126	1	1
B249	0	0.0062645	0	0	0.0062645	1	1
B397	0	0.0198733	0	0	0.0198733	1	1
B373	0	0.0767423	0	0	0.0767423	1	1
B605	0	0.0872862	0	0	0.0872862	1	1
B269	0	0.0279307	0	0	0.0279307	1	1
B577	0	0.0492925	0	0	0.0492925	1	1
B5	0	0.00381633	0	0	0.00381633	1	1
B359	0	0.00894122	0	0	0.00894122	1	1
B173	0	0.0577948	0	0	0.0577948	1	1
B184	0	0.0695785	0	0	0.0695785	1	1
B570	0	0.078408	0	0	0.078408	1	1
B280	0	0.0356473	0	0	0.0356473	1	1
B153	0	0.0080371	0	0	0.0080371	1	1
B262	0	0.030276	0	0	0.030276	1	1
B10	0	0.0337223	0	0	0.0337223	1	1
B219	0	0.0439227	0	0	0.0439227	1	1
B93	0	0.0535806	0	0	0.0535806	1	1
B54	0	0.0336923	0	0	0.0336923	1	1
B589	0	0.0532703	0	0	0.0532703	1	1
B588	0	0.0834675	0	0	0.0834675	1	1
B55	0	0.0391199	0	0	0.0391199	1	1
B928	0	0.00744456	0	0	0.00744456	1	1
B66	0	0.0532002	0	0	0.0532002	1	1
B202	0	0.0174887	0	0	0.0174887	1	1
B578	0	0.0619584	0	0	0.0619584	1	1
B377	0	0.0420878	0	0	0.0420878	1	1
B416	0	0.0604697	0	0	0.0604697	1	1
B330	0	0.0592827	0	0	0.0592827	1	1
B215	0	0.0963125	0	0	0.0963125	1	1
B191	0	0.0358677	0	0	0.0358677	1	1
B259	0	0.0763859	0	0	0.0763859	1	1
B594	0	0.0422425	0	0	0.0422425	1	1
B16	0	0.0597603	0	0	0.0597603	1	1
B425	0	0.0519424	0	0	0.0519424	1	1
B603	0	0.0216434	0	0	0.0216434	1	1
B606	0	0.0347117	0	0	0.0347117	1	1
B203	0	0.0559035	0	0	0.0559035	1	1
B86	0	0.0420363	0	0	0.0420363	1	1
B615	0	0.0233561	0	0	0.0233561	1	1
B99	0	0.0472516	0	0	0.0472516	1	1
B616	0	0.0883924	0	0	0.0883924	1	1
B163	0	0.0537687	0	0	0.0537687	1	1
B209	0	0.0322241	0	0	0.0322241	1	1
B244	0	0.0580109	0	0	0.0580109	1	1
B147	0	0.0271759	0	0	0.0271759	1	1
B123	0	0.0517108	0	0	0.0517108	1	1
B624	0	0.00577292	0	0	0.00577292	1	1
B559	0	0.0594715	0	0	0.0594715	1	1
B558	0	0.0651168	0	0	0.0651168	1	1
B60	0	0.018907	0	0	0.018907	1	1
B551	0	0.00154846	0	0	0.00154846	1	1
B313	0	0.0496938	0	0	0.0496938	1	1
B116	0	0.0146148	0	0	0.0146148	1	1
B556	0	0.0323176	0	0	0.0323176	1	1
B95	0	0.0694209	0	0	0.0694209	1	1
B555	0	0.0986379	0	0	0.0986379	1	1
B1	0	0.00871958	0	0	0.00871958	1	1
B561	0	0.0359578	0	0	0.0359578	1	1
B562	0	0.0902457	0	0	0.0902457	1	1
B568	0	0.0578932	0	0	0.0578932	1	1
B274	0	0.0406419	0	0	0.0406419	1	1
B361	0	0.0327389	0	0	0.0327389	1	1
B395	0	0.0596334	0	0	0.0596334	1	1
B575	0	0.0563564	0	0	0.0563564	1	1
B158	0	0.0194171	0	0	0.0194171	1	1
B566	0	0.020931	0	0	0.020931	1	1
B567	0	0.0074257	0	0	0.0074257	1	1
B82	0	0.025637	0	0	0.025637	1	1
B571	0	0.0770676	0	0	0.0770676	1	1
B245	0	0.0981314	0	0	0.0981314	1	1
B412	0	0.0780102	0	0	0.0780102	1	1
B600	0	0.0819599	0	0	0.0819599	1	1
B351	0	0.0668353	0	0	0.0668353	1	1
B599	0	0.0710116	0	0	0.0710116	1	1
B617	0	0.0126335	0	0	0.0126335	1	1
B378	0	0.0984445	0	0	0.0984445	1	1
B618	0	0.0633278	0	0	0.0633278	1	1
B314	0	0.00426042	0	0	0.00426042	1	1
B119	0	0.0776135	0	0	0.0776135	1	1
B365	0	0.00579646	0	0	0.00579646	1	1
B293	0	0.0941467	0	0	0.0941467	1	1
B802	0	0.0123452	0	0	0.0123452	1	1
B18	0	0.0315466	0	0	0.0315466	1	1
B804	0	0.0710136	0	0	0.0710136	1	1
B803	0	0.0619807	0	0	0.0619807	1	1
B945	0	0.0424093	0	0	0.0424093	1	1
B946	0	0.0100836	0	0	0.0100836	1	1
B948	0	0.0770725	0	0	0.0770725	1	1
B947	0	0.0480447	0	0	0.0480447	1	1
B806	0	0.0982026	0	0	0.0982026	1	1
B807	0	0.0263383	0	0	0.0263383	1	1
B805	0	0.0625177	0	0	0.0625177	1	1
B40	0	0.068484	0	0	0.068484	1	1
B808	0	0.0357471	0	0	0.0357471	1	1
B809	0	0.0206499	0	0	0.0206499	1	1
B58	0	0.0573173	0	0	0.0573173	1	1
B426	0	0.0553721	0	0	0.0553721	1	1
B614	0	0.0555596	0	0	0.0555596	1	1
B14	0	0.0436281	0	0	0.0436281	1	1
B613	0	0.0546821	0	0	0.0546821	1	1
B612	0	0.00399856	0	0	0.00399856	1	1
B277	0	0.0570012	0	0	0.0570012	1	1
B391	0	0.0719622	0	0	0.0719622	1	1
B402	0	0.0778023	0	0	0.0778023	1	1
B629	0	0.0646781	0	0	0.0646781	1	1
B634	0	0.0258462	0	0	0.0258462	1	1
B357	0	0.0431307	0	0	0.0431307	1	1
B635	0	0.0220927	0	0	0.0220927	1	1
B384	0	0.0349862	0	0	0.0349862	1	1
B205	0	0.0921684	0	0	0.0921684	1	1
B644	0	0.073385	0	0	0.073385	1	1
B214	0	0.0573535	0	0	0.0573535	1	1
B91	0	0.0433206	0	0	0.0433206	1	1
B31	0	0.0801499	0	0	0.0801499	1	1
B337	0	0.0475169	0	0	0.0475169	1	1
B59	0	0.0336113	0	0	0.0336113	1	1
B651	0	0.0990516	0	0	0.0990516	1	1
B83	0	0.0352054	0	0	0.0352054	1	1
B636	0	0.0238703	0	0	0.0238703	1	1
B637	0	0.0856186	0	0	0.0856186	1	1
B159	0	0.0564629	0	0	0.0564629	1	1
B645	0	0.0636866	0	0	0.0636866	1	1
B210	0	0.0944222	0	0	0.0944222	1	1
B94	0	0.00734933	0	0	0.00734933	1	1
B648	0	0.0990913	0	0	0.0990913	1	1
B653	0	0.0684984	0	0	0.0684984	1	1
B427	0	0.0119387	0	0	0.0119387	1	1
B655	0	0.0224021	0	0	0.0224021	1	1
B663	0	0.0818509	0	0	0.0818509	1	1
B676	0	0.0920339	0	0	0.0920339	1	1
B675	0	0.0597015	0	0	0.0597015	1	1
B356	0	0.0235141	0	0	0.0235141	1	1
B677	0	0.0955842	0	0	0.0955842	1	1
B236	0	0.0891534	0	0	0.0891534	1	1
B679	0	0.0595913	0	0	0.0595913	1	1
B13	0	0.000168054	0	0	0.000168054	1	1
B686	0	0.095642	0	0	0.095642	1	1
B19	0	0.0448327	0	0	0.0448327	1	1
B685	0	0.0775137	0	0	0.0775137	1	1
B684	0	0.0694948	0	0	0.0694948	1	1
B143	0	0.0545462	0	0	0.0545462	1	1
B199	0	0.0414733	0	0	0.0414733	1	1
B662	0	0.0397229	0	0	0.0397229	1	1
B298	0	0.0185936	0	0	0.0185936	1	1
B179	0	0.0634786	0	0	0.0634786	1	1
B117	0	0.0655935	0	0	0.0655935	1	1
B124	0	0.0629621	0	0	0.0629621	1	1
B674	0	0.0483831	0	0	0.0483831	1	1
B672	0	0.0851359	0	0	0.0851359	1	1
B272	0	0.00677842	0	0	0.00677842	1	1
B673	0	0.0562069	0	0	0.0562069	1	1
B315	0	0.0139231	0	0	0.0139231	1	1
B97	0	0.0985348	0	0	0.0985348	1	1
B263	0	0.0865675	0	0	0.0865675	1	1
B678	0	0.0108081	0	0	0.0108081	1	1
B410	0	0.0900923	0	0	0.0900923	1	1
B683	0	0.0859331	0	0	0.0859331	1	1
B833	0	0.04678	0	0	0.04678	1	1
B290	0	0.0656217	0	0	0.0656217	1	1
B375	0	0.0853137	0	0	0.0853137	1	1
B835	0	0.0421939	0	0	0.0421939	1	1
B252	0	0.0416063	0	0	0.0416063	1	1
B343	0	0.0146418	0	0	0.0146418	1	1
B836	0	0.0740743	0	0	0.0740743	1	1
B834	0	0.0824067	0	0	0.0824067	1	1
B148	0	0.0506306	0	0	0.0506306	1	1
B303	0	0.0025976	0	0	0.0025976	1	1
B200	0	0.050048	0	0	0.050048	1	1
B837	0	0.0784308	0	0	0.0784308	1	1
B722	0	0.0592902	0	0	0.0592902	1	1
B380	0	0.0626092	0	0	0.0626092	1	1
B161	0	0.0317035	0	0	0.0317035	1	1
B730	0	0.0866534	0	0	0.0866534	1	1
B74	0	0.0483817	0	0	0.0483817	1	1
B21	0	0.00927736	0	0	0.00927736	1	1
B90	0	0.0088798	0	0	0.0088798	1	1
B366	0	0.00646123	0	0	0.00646123	1	1
B279	0	0.0436017	0	0	0.0436017	1	1
B193	0	0.034304	0	0	0.034304	1	1
B284	0	0.0241319	0	0	0.0241319	1	1
B133	0	0.0980439	0	0	0.0980439	1	1
B697	0	0.0271656	0	0	0.0271656	1	1
B704	0	0.00324884	0	0	0.00324884	1	1
B709	0	0.0926447	0	0	0.0926447	1	1
B708	0	0.0913664	0	0	0.0913664	1	1
B171	0	0.0256859	0	0	0.0256859	1	1
B862	0	0.0164037	0	0	0.0164037	1	1
B861	0	0.0102134	0	0	0.0102134	1	1
B863	0	0.0862621	0	0	0.0862621	1	1
B349	0	0.046134	0	0	0.046134	1	1
B295	0	0.0879132	0	0	0.0879132	1	1
B724	0	0.029354	0	0	0.029354	1	1
B723	0	0.0141852	0	0	0.0141852	1	1
B309	0	0.0434609	0	0	0.0434609	1	1
B871	0	0.0561858	0	0	0.0561858	1	1
B872	0	0.080205	0	0	0.080205	1	1
B28	0	0.0837839	0	0	0.0837839	1	1
B126	0	0.0386252	0	0	0.0386252	1	1
B879	0	0.000599296	0	0	0.000599296	1	1
B880	0	0.0953431	0	0	0.0953431	1	1
B87	0	0.010863	0	0	0.010863	1	1
B223	0	0.0501001	0	0	0.0501001	1	1
B34	0	0.052708	0	0	0.052708	1	1
B884	0	0.0842702	0	0	0.0842702	1	1
B887	0	0.00137688	0	0	0.00137688	1	1
B63	0	0.0012839	0	0	0.0012839	1	1
B888	0	0.0676115	0	0	0.0676115	1	1
B129	0	0.066845	0	0	0.066845	1	1
B8	0	0.0852088	0	0	0.0852088	1	1
B891	0	0.0506753	0	0	0.0506753	1	1
B893	0	0.0301045	0	0	0.0301045	1	1
B894	0	0.0664007	0	0	0.0664007	1	1
B897	0	0.0478624	0	0	0.0478624	1	1
B896	0	0.00794558	0	0	0.00794558	1	1
B224	0	0.0905464	0	0	0.0905464	1	1
B323	0	0.0520877	0	0	0.0520877	1	1
B901	0	0.0945025	0	0	0.0945025	1	1
B900	0	0.0631109	0	0	0.0631109	1	1
B212	0	0.0388424	0	0	0.0388424	1	1
B114	0	0.0518701	0	0	0.0518701	1	1
B26	0	0.0573412	0	0	0.0573412	1	1
B958	0	0.067173	0	0	0.067173	1	1
B339	0	0.000532524	0	0	0.000532524	1	1
B168	0	0.0483964	0	0	0.0483964	1	1
B301	0	0.0821799	0	0	0.0821799	1	1
B20	0	0.09054	0	0	0.09054	1	1
B714	0	0.0257575	0	0	0.0257575	1	1
B713	0	0.0858502	0	0	0.0858502	1	1
B721	0	0.0752865	0	0	0.0752865	1	1
B720	0	0.0207162	0	0	0.0207162	1	1
B216	0	0.0324702	0	0	0.0324702	1	1
B145	0	0.0893435	0	0	0.0893435	1	1
B42	0	0.0666661	0	0	0.0666661	1	1
B109	0	0.0372116	0	0	0.0372116	1	1
B895	0	0.0730176	0	0	0.0730176	1	1
B29	0	0.0768797	0	0	0.0768797	1	1
B899	0	0.00205519	0	0	0.00205519	1	1
B898	0	0.0677398	0	0	0.0677398	1	1
B144	0	0.0369007	0	0	0.0369007	1	1
B989	0	0.017512	0	0	0.017512	1	1
B990	0	0.0371945	0	0	0.0371945	1	1
B388	0	0.0758854	0	0	0.0758854	1	1
B166	0	0.0534188	0	0	0.0534188	1	1
B67	0	0.0723666	0	0	0.0723666	1	1
B433	0	0.0346	0	0	0.0346	1	1
B187	0	0.0861648	0	0	0.0861648	1	1
B256	0	0.0164778	0	0	0.0164778	1	1
B353	0	0.0956077	0	0	0.0956077	1	1
B320	0	0.0862152	0	0	0.0862152	1	1
B385	0	0.0690235	0	0	0.0690235	1	1
B465	0	0.0418018	0	0	0.0418018	1	1
B96	0	0.0404213	0	0	0.0404213	1	1
B470	0	0.000644456	0	0	0.000644456	1	1
B113	0	0.00571686	0	0	0.00571686	1	1
B84	0	0.0271937	0	0	0.0271937	1	1
B3	0	0.0107709	0	0	0.0107709	1	1
B268	0	0.0544966	0	0	0.0544966	1	1
B139	0	0.0871396	0	0	0.0871396	1	1
B176	0	0.0224158	0	0	0.0224158	1	1
B195	0	0.082048	0	0	0.082048	1	1
B204	0	0.0368524	0	0	0.0368524	1	1
B413	0	0.0365526	0	0	0.0365526	1	1
B310	0	0.056049	0	0	0.056049	1	1
B471	0	0.0371107	0	0	0.0371107	1	1
B475	0	0.0671954	0	0	0.0671954	1	1
B474	0	0.0776297	0	0	0.0776297	1	1
B476	0	0.00537865	0	0	0.00537865	1	1
B250	0	0.0253369	0	0	0.0253369	1	1
B149	0	0.020328	0	0	0.020328	1	1
B122	0	0.097493	0	0	0.097493	1	1
B492	0	0.0134747	0	0	0.0134747	1	1
B127	0	0.00620651	0	0	0.00620651	1	1
B341	0	0.00863157	0	0	0.00863157	1	1
B493	0	0.00709359	0	0	0.00709359	1	1
B399	0	0.00706178	0	0	0.00706178	1	1
B494	0	0.00486618	0	0	0.00486618	1	1
B289	0	0.0010966	0	0	0.0010966	1	1
B121	0	0.0126479	0	0	0.0126479	1	1
B196	0	0.0180684	0	0	0.0180684	1	1
B477	0	0.060691	0	0	0.060691	1	1
B864	0	0.0220393	0	0	0.0220393	1	1
B865	0	0.0598032	0	0	0.0598032	1	1
B866	0	0.0269448	0	0	0.0269448	1	1
B867	0	0.0327113	0	0	0.0327113	1	1
B403	0	0.0283307	0	0	0.0283307	1	1
B53	0	0.0170135	0	0	0.0170135	1	1
B868	0	0.00537533	0	0	0.00537533	1	1
B473	0	0.0530924	0	0	0.0530924	1	1
B478	0	0.0948543	0	0	0.0948543	1	1
B27	0	0.0265329	0	0	0.0265329	1	1
B296	0	0.0435669	0	0	0.0435669	1	1
B472	0	0.0755372	0	0	0.0755372	1	1
B233	0	0.0998134	0	0	0.0998134	1	1
B194	0	0.0753716	0	0	0.0753716	1	1
B226	0	0.0954855	0	0	0.0954855	1	1
B350	0	0.00902964	0	0	0.00902964	1	1
B327	0	0.0105736	0	0	0.0105736	1	1
B479	0	0.0983576	0	0	0.0983576	1	1
B480	0	0.00468497	0	0	0.00468497	1	1
B482	0	0.0561295	0	0	0.0561295	1	1
B481	0	0.0472493	0	0	0.0472493	1	1
B404	0	0.0890317	0	0	0.0890317	1	1
B484	0	0.0757885	0	0	0.0757885	1	1
B483	0	0.0347805	0	0	0.0347805	1	1
B469	0	0.0745592	0	0	0.0745592	1	1
B468	0	0.0142422	0	0	0.0142422	1	1
B467	0	0.0726001	0	0	0.0726001	1	1
B466	0	0.031222	0	0	0.031222	1	1
B255	0	0.0496815	0	0	0.0496815	1	1
B9	0	0.0159671	0	0	0.0159671	1	1
B400	0	0.020535	0	0	0.020535	1	1
B197	0	0.0977231	0	0	0.0977231	1	1
B88	0	0.00626181	0	0	0.00626181	1	1
B329	0	0.0753012	0	0	0.0753012	1	1
B56	0	0.00733	0	0	0.00733	1	1
B311	0	0.0390093	0	0	0.0390093	1	1
B152	0	0.0938263	0	0	0.0938263	1	1
B902	0	0.0512079	0	0	0.0512079	1	1
B77	0	0.0444505	0	0	0.0444505	1	1
B106	0	0.0419044	0	0	0.0419044	1	1
B23	0	0.0790074	0	0	0.0790074	1	1
B906	0	0.0422396	0	0	0.0422396	1	1
B905	0	0.090847	0	0	0.090847	1	1
B907	0	0.0613633	0	0	0.0613633	1	1
B241	0	0.0887525	0	0	0.0887525	1	1
B422	0	0.01301	0	0	0.01301	1	1
B387	0	0.0350549	0	0	0.0350549	1	1
B287	0	0.00734492	0	0	0.00734492	1	1
B81	0	0.0193185	0	0	0.0193185	1	1
B904	0	0.0616586	0	0	0.0616586	1	1
B903	0	0.0304251	0	0	0.0304251	1	1
B883	0	0.0847082	0	0	0.0847082	1	1
B874	0	0.0182302	0	0	0.0182302	1	1
B876	0	0.0802295	0	0	0.0802295	1	1
B875	0	0.0388478	0	0	0.0388478	1	1
B107	0	0.0717721	0	0	0.0717721	1	1
B881	0	0.0299888	0	0	0.0299888	1	1
B6	0	0.0536207	0	0	0.0536207	1	1
B882	0	0.0511639	0	0	0.0511639	1	1
B333	0	0.0668748	0	0	0.0668748	1	1
B886	0	0.0951964	0	0	0.0951964	1	1
B885	0	0.0813123	0	0	0.0813123	1	1
B889	0	0.0048742	0	0	0.0048742	1	1
B890	0	0.0882071	0	0	0.0882071	1	1
B231	0	0.0477327	0	0	0.0477327	1	1
B271	0	0.0940891	0	0	0.0940891	1	1
B183	0	0.0494479	0	0	0.0494479	1	1
B892	0	0.0904077	0	0	0.0904077	1	1
B316	0	0.0731224	0	0	0.0731224	1	1
B273	0	0.0939393	0	0	0.0939393	1	1
B869	0	0.0890148	0	0	0.0890148	1	1
B870	0	0.00189261	0	0	0.00189261	1	1
B873	0	0.0229019	0	0	0.0229019	1	1
B725	0	0.0784798	0	0	0.0784798	1	1
B726	0	0.0466414	0	0	0.0466414	1	1
B118	0	0.0915824	0	0	0.0915824	1	1
B48	0	0.0754176	0	0	0.0754176	1	1
B878	0	0.0925129	0	0	0.0925129	1	1
B877	0	0.0798427	0	0	0.0798427	1	1
B24	0	0.00212458	0	0	0.00212458	1	1
B707	0	0.0345326	0	0	0.0345326	1	1
B706	0	0.0863276	0	0	0.0863276	1	1
B134	0	0.0668838	0	0	0.0668838	1	1
B717	0	0.0936147	0	0	0.0936147	1	1
B229	0	0.0660208	0	0	0.0660208	1	1
B819	0	0.036488	0	0	0.036488	1	1
B820	0	0.0513533	0	0	0.0513533	1	1
B691	0	0.0893305	0	0	0.0893305	1	1
B180	0	0.0898269	0	0	0.0898269	1	1
B682	0	0.0473803	0	0	0.0473803	1	1
B312	0	0.0983671	0	0	0.0983671	1	1
B170	0	0.0776957	0	0	0.0776957	1	1
B165	0	0.0809021	0	0	0.0809021	1	1
B694	0	0.0415912	0	0	0.0415912	1	1
B696	0	0.0206995	0	0	0.0206995	1	1
B695	0	0.0892139	0	0	0.0892139	1	1
B131	0	0.0871078	0	0	0.0871078	1	1
B703	0	0.0675878	0	0	0.0675878	1	1
B178	0	0.0126115	0	0	0.0126115	1	1
B693	0	0.0881454	0	0	0.0881454	1	1
B700	0	0.0650305	0	0	0.0650305	1	1
B701	0	0.0695756	0	0	0.0695756	1	1
B705	0	0.0807711	0	0	0.0807711	1	1
B716	0	0.0123745	0	0	0.0123745	1	1
B715	0	0.0318901	0	0	0.0318901	1	1
B235	0	0.0870469	0	0	0.0870469	1	1
B702	0	0.0499519	0	0	0.0499519	1	1
B681	0	0.0324027	0	0	0.0324027	1	1
B220	0	0.0571525	0	0	0.0571525	1	1
B690	0	0.031685	0	0	0.031685	1	1
B692	0	0.0328726	0	0	0.0328726	1	1
B225	0	0.0275029	0	0	0.0275029	1	1
B711	0	0.0663468	0	0	0.0663468	1	1
B712	0	0.0673444	0	0	0.0673444	1	1
B198	0	0.00624516	0	0	0.00624516	1	1
B72	0	0.0629994	0	0	0.0629994	1	1
B729	0	0.08603	0	0	0.08603	1	1
B15	0	0.00876226	0	0	0.00876226	1	1
B731	0	0.0490559	0	0	0.0490559	1	1
B140	0	0.0514724	0	0	0.0514724	1	1
B428	0	0.0534939	0	0	0.0534939	1	1
B44	0	0.0486142	0	0	0.0486142	1	1
B304	0	0.0361539	0	0	0.0361539	1	1
B735	0	0.0707005	0	0	0.0707005	1	1
B734	0	0.0229539	0	0	0.0229539	1	1
B733	0	0.0521987	0	0	0.0521987	1	1
B732	0	0.0354012	0	0	0.0354012	1	1
B710	0	0.0489675	0	0	0.0489675	1	1
B25	0	0.0911151	0	0	0.0911151	1	1
B718	0	0.0912003	0	0	0.0912003	1	1
B348	0	0.0151706	0	0	0.0151706	1	1
B376	0	0.026327	0	0	0.026327	1	1
B728	0	0.0570019	0	0	0.0570019	1	1
B727	0	0.010667	0	0	0.010667	1	1
B719	0	0.0615974	0	0	0.0615974	1	1
B698	0	0.0754584	0	0	0.0754584	1	1
B257	0	0.00466306	0	0	0.00466306	1	1
B699	0	0.0628135	0	0	0.0628135	1	1
B371	0	0.078499	0	0	0.078499	1	1
B789	0	0.0484641	0	0	0.0484641	1	1
B2	0	0.0407248	0	0	0.0407248	1	1
B669	0	0.00641754	0	0	0.00641754	1	1
B660	0	0.0112352	0	0	0.0112352	1	1
B211	0	0.00516134	0	0	0.00516134	1	1
B661	0	0.0487831	0	0	0.0487831	1	1
B668	0	0.0624208	0	0	0.0624208	1	1
B345	0	0.0936961	0	0	0.0936961	1	1
B344	0	0.0457612	0	0	0.0457612	1	1
B671	0	0.0707604	0	0	0.0707604	1	1
B125	0	0.0802279	0	0	0.0802279	1	1
B188	0	0.0361847	0	0	0.0361847	1	1
B332	0	0.00827796	0	0	0.00827796	1	1
B157	0	0.089081	0	0	0.089081	1	1
B680	0	0.0543235	0	0	0.0543235	1	1
B120	0	0.0389265	0	0	0.0389265	1	1
B688	0	0.0848018	0	0	0.0848018	1	1
B687	0	0.0205985	0	0	0.0205985	1	1
B689	0	0.0646114	0	0	0.0646114	1	1
B61	0	0.00881664	0	0	0.00881664	1	1
B810	0	0.0729133	0	0	0.0729133	1	1
B811	0	0.0891238	0	0	0.0891238	1	1
B652	0	0.0787572	0	0	0.0787572	1	1
B628	0	0.0740235	0	0	0.0740235	1	1
B326	0	0.0936618	0	0	0.0936618	1	1
B164	0	0.0929375	0	0	0.0929375	1	1
B647	0	0.0129842	0	0	0.0129842	1	1
B7	0	0.0332204	0	0	0.0332204	1	1
B358	0	0.0671589	0	0	0.0671589	1	1
B654	0	0.0722019	0	0	0.0722019	1	1
B625	0	0.0836089	0	0	0.0836089	1	1
B630	0	0.09484	0	0	0.09484	1	1
B631	0	0.0433413	0	0	0.0433413	1	1
B638	0	0.0271983	0	0	0.0271983	1	1
B639	0	0.0511993	0	0	0.0511993	1	1
B908	0	0.0252474	0	0	0.0252474	1	1
B424	0	0.0621082	0	0	0.0621082	1	1
B632	0	0.0736368	0	0	0.0736368	1	1
B417	0	0.0270458	0	0	0.0270458	1	1
B415	0	0.0999913	0	0	0.0999913	1	1
B641	0	0.0959219	0	0	0.0959219	1	1
B640	0	0.0632972	0	0	0.0632972	1	1
B251	0	0.0168029	0	0	0.0168029	1	1
B354	0	0.0819702	0	0	0.0819702	1	1
B583	0	0.0382442	0	0	0.0382442	1	1
B584	0	0.0787599	0	0	0.0787599	1	1
B582	0	0.0686469	0	0	0.0686469	1	1
B581	0	0.0803483	0	0	0.0803483	1	1
B221	0	0.0248421	0	0	0.0248421	1	1
B580	0	0.00975087	0	0	0.00975087	1	1
B151	0	0.0398176	0	0	0.0398176	1	1
B253	0	0.0424982	0	0	0.0424982	1	1
B602	0	0.0251375	0	0	0.0251375	1	1
B601	0	0.00547328	0	0	0.00547328	1	1
B71	0	0.096406	0	0	0.096406	1	1
B622	0	0.00700095	0	0	0.00700095	1	1
B627	0	0.0933636	0	0	0.0933636	1	1
B626	0	0.0152014	0	0	0.0152014	1	1
B633	0	0.0540882	0	0	0.0540882	1	1
B186	0	0.00524448	0	0	0.00524448	1	1
B643	0	0.0445417	0	0	0.0445417	1	1
B642	0	0.0701524	0	0	0.0701524	1	1
B340	0	0.0788836	0	0	0.0788836	1	1
B45	0	0.0668474	0	0	0.0668474	1	1
B232	0	0.00427696	0	0	0.00427696	1	1
B646	0	0.0371758	0	0	0.0371758	1	1
B649	0	0.0808273	0	0	0.0808273	1	1
B650	0	0.0717014	0	0	0.0717014	1	1
B79	0	0.00441394	0	0	0.00441394	1	1
B102	0	0.0348374	0	0	0.0348374	1	1
B822	0	0.0651394	0	0	0.0651394	1	1
B823	0	0.0977578	0	0	0.0977578	1	1
B408	0	0.0728723	0	0	0.0728723	1	1
B463	0	0.0725457	0	0	0.0725457	1	1
B464	0	0.0121408	0	0	0.0121408	1	1
B174	0	0.0486125	0	0	0.0486125	1	1
B372	0	0.0604698	0	0	0.0604698	1	1
B821	0	0.0442346	0	0	0.0442346	1	1
B80	0	0.0134736	0	0	0.0134736	1	1
B355	0	0.0816909	0	0	0.0816909	1	1
B825	0	0.0462114	0	0	0.0462114	1	1
B824	0	0.0890793	0	0	0.0890793	1	1
B325	0	0.0213381	0	0	0.0213381	1	1
B514	0	0.0184817	0	0	0.0184817	1	1
B237	0	0.0220865	0	0	0.0220865	1	1
B827	0	0.00440176	0	0	0.00440176	1	1
B826	0	0.0528252	0	0	0.0528252	1	1
B828	0	0.0914183	0	0	0.0914183	1	1
B829	0	0.08694	0	0	0.08694	1	1
B830	0	0.00878226	0	0	0.00878226	1	1
B334	0	0.0959226	0	0	0.0959226	1	1
B338	0	0.0851359	0	0	0.0851359	1	1
B666	0	0.0302631	0	0	0.0302631	1	1
B206	0	0.0122336	0	0	0.0122336	1	1
B667	0	0.0181808	0	0	0.0181808	1	1
B659	0	0.0599583	0	0	0.0599583	1	1
B665	0	0.0765751	0	0	0.0765751	1	1
B737	0	0.0956159	0	0	0.0956159	1	1
B736	0	0.0206948	0	0	0.0206948	1	1
B738	0	0.0470715	0	0	0.0470715	1	1
B740	0	0.0481889	0	0	0.0481889	1	1
B739	0	0.0249052	0	0	0.0249052	1	1
B307	0	0.0222057	0	0	0.0222057	1	1
B12	0	0.0245171	0	0	0.0245171	1	1
B744	0	0.0749635	0	0	0.0749635	1	1
B62	0	0.0628321	0	0	0.0628321	1	1
B745	0	0.0834555	0	0	0.0834555	1	1
B230	0	0.0733765	0	0	0.0733765	1	1
B747	0	0.0285399	0	0	0.0285399	1	1
B741	0	0.0784099	0	0	0.0784099	1	1
B743	0	0.0449019	0	0	0.0449019	1	1
B742	0	0.00855637	0	0	0.00855637	1	1
B746	0	0.0717287	0	0	0.0717287	1	1
B331	0	0.0324871	0	0	0.0324871	1	1
B749	0	0.0796967	0	0	0.0796967	1	1
B748	0	0.0428167	0	0	0.0428167	1	1
B265	0	0.0282454	0	0	0.0282454	1	1
B751	0	0.0643232	0	0	0.0643232	1	1
B750	0	0.0523304	0	0	0.0523304	1	1
B752	0	0.035203	0	0	0.035203	1	1
B753	0	0.0135013	0	0	0.0135013	1	1
B755	0	0.000941483	0	0	0.000941483	1	1
B754	0	0.0796979	0	0	0.0796979	1	1
B30	0	0.0343469	0	0	0.0343469	1	1
B756	0	0.0259724	0	0	0.0259724	1	1
B788	0	0.0936288	0	0	0.0936288	1	1
B759	0	0.0129761	0	0	0.0129761	1	1
B758	0	0.0452643	0	0	0.0452643	1	1
B757	0	0.099905	0	0	0.099905	1	1
B490	0	0.0743864	0	0	0.0743864	1	1
B491	0	0.0554421	0	0	0.0554421	1	1
B270	0	0.0195307	0	0	0.0195307	1	1
B656	0	0.0601583	0	0	0.0601583	1	1
B658	0	0.0207728	0	0	0.0207728	1	1
B664	0	0.021814	0	0	0.021814	1	1
B111	0	0.00783857	0	0	0.00783857	1	1
B670	0	0.063741	0	0	0.063741	1	1
B52	0	0.0658078	0	0	0.0658078	1	1
B46	0	0.0374528	0	0	0.0374528	1	1
B657	0	0.0318978	0	0	0.0318978	1	1
B335	0	0.0179805	0	0	0.0179805	1	1
B291	0	0.0546932	0	0	0.0546932	1	1
B382	0	0.0876812	0	0	0.0876812	1	1
B297	0	0.029139	0	0	0.029139	1	1
B260	0	0.0926895	0	0	0.0926895	1	1
B623	0	0.0698457	0	0	0.0698457	1	1
B949	0	3.06779e-05	0	0	3.06779e-05	1	1
B177	0	0.0501263	0	0	0.0501263	1	1
B950	0	0.096064	0	0	0.096064	1	1
B951	0	0.0223114	0	0	0.0223114	1	1
B952	0	0.0327695	0	0	0.0327695	1	1
B953	0	0.0542094	0	0	0.0542094	1	1
B228	0	0.0019922	0	0	0.0019922	1	1
B620	0	0.0172927	0	0	0.0172927	1	1
B619	0	0.0314202	0	0	0.0314202	1	1
B621	0	0.0764248	0	0	0.0764248	1	1
B276	0	0.0110957	0	0	0.0110957	1	1
B764	0	0.0344469	0	0	0.0344469	1	1
B771	0	0.0204317	0	0	0.0204317	1	1
B772	0	0.0980271	0	0	0.0980271	1	1
B89	0	0.0355068	0	0	0.0355068	1	1
B778	0	0.0725642	0	0	0.0725642	1	1
B160	0	0.00851092	0	0	0.00851092	1	1
B779	0	0.0326366	0	0	0.0326366	1	1
B780	0	0.0989463	0	0	0.0989463	1	1
B767	0	0.0496899	0	0	0.0496899	1	1
B766	0	0.0978594	0	0	0.0978594	1	1
B768	0	0.0178694	0	0	0.0178694	1	1
B773	0	0.0389832	0	0	0.0389832	1	1
B318	0	0.0125988	0	0	0.0125988	1	1
B765	0	0.0865716	0	0	0.0865716	1	1
B794	0	0.0167772	0	0	0.0167772	1	1
B812	0	0.0229701	0	0	0.0229701	1	1
B813	0	0.0296599	0	0	0.0296599	1	1
B814	0	0.0833531	0	0	0.0833531	1	1
B815	0	0.0344441	0	0	0.0344441	1	1
B818	0	0.0230533	0	0	0.0230533	1	1
B817	0	0.058856	0	0	0.058856	1	1
B816	0	0.0218884	0	0	0.0218884	1	1
B796	0	0.0515638	0	0	0.0515638	1	1
B799	0	0.0194471	0	0	0.0194471	1	1
B234	0	0.014156	0	0	0.014156	1	1
B793	0	0.0527998	0	0	0.0527998	1	1
B795	0	0.0646798	0	0	0.0646798	1	1
B370	0	0.0792626	0	0	0.0792626	1	1
B797	0	0.0157919	0	0	0.0157919	1	1
B800	0	0.00117076	0	0	0.00117076	1	1
B798	0	0.00911251	0	0	0.00911251	1	1
B761	0	0.0270727	0	0	0.0270727	1	1
B762	0	0.0403705	0	0	0.0403705	1	1
B770	0	0.0959534	0	0	0.0959534	1	1
B769	0	0.0856081	0	0	0.0856081	1	1
B776	0	0.0257027	0	0	0.0257027	1	1
B781	0	0.0533293	0	0	0.0533293	1	1
B782	0	0.0996073	0	0	0.0996073	1	1
B240	0	0.0899584	0	0	0.0899584	1	1
B775	0	0.0830603	0	0	0.0830603	1	1
B774	0	0.0528389	0	0	0.0528389	1	1
B777	0	0.00829824	0	0	0.00829824	1	1
B783	0	0.0799067	0	0	0.0799067	1	1
B784	0	0.0191461	0	0	0.0191461	1	1
B787	0	0.0959874	0	0	0.0959874	1	1
B786	0	0.0705384	0	0	0.0705384	1	1
B785	0	0.0253641	0	0	0.0253641	1	1
B763	0	0.0854445	0	0	0.0854445	1	1
B923	0	0.0924967	0	0	0.0924967	1	1
B924	0	0.0754436	0	0	0.0754436	1	1
B926	0	0.0808729	0	0	0.0808729	1	1
B925	0	0.0320716	0	0	0.0320716	1	1
B927	0	0.0140792	0	0	0.0140792	1	1
B306	0	0.0224942	0	0	0.0224942	1	1
B760	0	0.056335	0	0	0.056335	1	1
B411	0	0.0672469	0	0	0.0672469	1	1
B418	0	0.0892764	0	0	0.0892764	1	1
B574	0	0.0770407	0	0	0.0770407	1	1
B573	0	0.0305991	0	0	0.0305991	1	1
B585	0	0.0283011	0	0	0.0283011	1	1
B70	0	0.0991793	0	0	0.0991793	1	1
B591	0	0.0103095	0	0	0.0103095	1	1
B286	0	0.0910025	0	0	0.0910025	1	1
B302	0	0.0212019	0	0	0.0212019	1	1
B423	0	0.0410754	0	0	0.0410754	1	1
B598	0	0.0991071	0	0	0.0991071	1	1
B597	0	7.44468e-05	0	0	7.44468e-05	1	1
B961	0	0.0953268	0	0	0.0953268	1	1
B962	0	0.0427515	0	0	0.0427515	1	1
B963	0	0.0878794	0	0	0.0878794	1	1
B964	0	0.041358	0	0	0.041358	1	1
B965	0	0.0990713	0	0	0.0990713	1	1
B966	0	0.0449139	0	0	0.0449139	1	1
B969	0	0.0252204	0	0	0.0252204	1	1
B967	0	0.0739023	0	0	0.0739023	1	1
B971	0	0.0564333	0	0	0.0564333	1	1
B972	0	0.0231741	0	0	0.0231741	1	1
B970	0	0.00965822	0	0	0.00965822	1	1
B4	0	0.09012	0	0	0.09012	1	1
B181	0	0.0790528	0	0	0.0790528	1	1
B978	0	0.0189292	0	0	0.0189292	1	1
B977	0	0.0894809	0	0	0.0894809	1	1
B285	0	0.00375663	0	0	0.00375663	1	1
B975	0	0.043137	0	0	0.043137	1	1
B976	0	0.0175813	0	0	0.0175813	1	1
B207	0	0.0265423	0	0	0.0265423	1	1
B132	0	0.0740167	0	0	0.0740167	1	1
B974	0	0.0341835	0	0	0.0341835	1	1
B973	0	0.00976236	0	0	0.00976236	1	1
B242	0	0.07743	0	0	0.07743	1	1
B968	0	0.0107374	0	0	0.0107374	1	1
B579	0	0.0407879	0	0	0.0407879	1	1
B604	0	0.0726194	0	0	0.0726194	1	1
B41	0	0.0638357	0	0	0.0638357	1	1
B610	0	0.00844867	0	0	0.00844867	1	1
B609	0	0.000323792	0	0	0.000323792	1	1
B611	0	0.0339468	0	0	0.0339468	1	1
B608	0	0.0469829	0	0	0.0469829	1	1
B607	0	0.0227911	0	0	0.0227911	1	1
B981	0	0.0789586	0	0	0.0789586	1	1
B982	0	0.0254919	0	0	0.0254919	1	1
B984	0	0.0710572	0	0	0.0710572	1	1
B983	0	0.0705321	0	0	0.0705321	1	1
B336	0	0.0126156	0	0	0.0126156	1	1
B987	0	0.0976045	0	0	0.0976045	1	1
B988	0	0.0111488	0	0	0.0111488	1	1
B986	0	0.000816168	0	0	0.000816168	1	1
B985	0	0.045871	0	0	0.045871	1	1
B590	0	0.0388044	0	0	0.0388044	1	1
B162	0	0.0341151	0	0	0.0341151	1	1
B595	0	0.0664391	0	0	0.0664391	1	1
B414	0	0.0100822	0	0	0.0100822	1	1
B596	0	0.0705407	0	0	0.0705407	1	1
B130	0	0.0349546	0	0	0.0349546	1	1
B319	0	0.046011	0	0	0.046011	1	1
B512	0	0.0924436	0	0	0.0924436	1	1
B208	0	0.0819804	0	0	0.0819804	1	1
B515	0	0.00576689	0	0	0.00576689	1	1
B374	0	0.0859599	0	0	0.0859599	1	1
B516	0	0.0592411	0	0	0.0592411	1	1
B513	0	0.0283883	0	0	0.0283883	1	1
B519	0	0.0526012	0	0	0.0526012	1	1
B300	0	0.0670953	0	0	0.0670953	1	1
B526	0	0.0661368	0	0	0.0661368	1	1
B525	0	0.073306	0	0	0.073306	1	1
B33	0	0.0608906	0	0	0.0608906	1	1
B92	0	0.000857113	0	0	0.000857113	1	1
B520	0	0.0695751	0	0	0.0695751	1	1
B521	0	0.0578705	0	0	0.0578705	1	1
B518	0	0.0783905	0	0	0.0783905	1	1
B517	0	0.0337157	0	0	0.0337157	1	1
B369	0	0.0125123	0	0	0.0125123	1	1
B523	0	0.0411198	0	0	0.0411198	1	1
B522	0	0.0425989	0	0	0.0425989	1	1
B292	0	0.00418513	0	0	0.00418513	1	1
B11	0	0.0333803	0	0	0.0333803	1	1
B527	0	0.0862406	0	0	0.0862406	1	1
B524	0	0.0142921	0	0	0.0142921	1	1
B47	0	0.0031851	0	0	0.0031851	1	1
B535	0	0.0649332	0	0	0.0649332	1	1
B379	0	0.0367751	0	0	0.0367751	1	1
B538	0	0.0670173	0	0	0.0670173	1	1
B17	0	0.00698863	0	0	0.00698863	1	1
B539	0	0.0867587	0	0	0.0867587	1	1
B540	0	0.0124001	0	0	0.0124001	1	1
B991	0	0.02446	0	0	0.02446	1	1
B992	0	0.016777	0	0	0.016777	1	1
B993	0	0.0356754	0	0	0.0356754	1	1
B995	0	0.0523898	0	0	0.0523898	1	1
B997	0	0.0923166	0	0	0.0923166	1	1
B22	0	0.0142184	0	0	0.0142184	1	1
B994	0	0.0171552	0	0	0.0171552	1	1
B996	0	0.0375178	0	0	0.0375178	1	1
B1000	0	0.0449475	0	0	0.0449475	1	1
B101	0	0.0334837	0	0	0.0334837	1	1
B999	0	0.0644975	0	0	0.0644975	1	1
B998	0	0.00170445	0	0	0.00170445	1	1
B175	0	0.0395819	0	0	0.0395819	1	1
B537	0	0.099616	0	0	0.099616	1	1
B536	0	0.00445046	0	0	0.00445046	1	1
B405	0	0.0983098	0	0	0.0983098	1	1
B909	0	0.0448904	0	0	0.0448904	1	1
B910	0	0.0473598	0	0	0.0473598	1	1
B911	0	0.0855057	0	0	0.0855057	1	1
B213	0	0.0107475	0	0	0.0107475	1	1
B915	0	0.0288533	0	0	0.0288533	1	1
B917	0	0.0376323	0	0	0.0376323	1	1
B914	0	0.0636173	0	0	0.0636173	1	1
B916	0	0.0922214	0	0	0.0922214	1	1
B919	0	0.0320819	0	0	0.0320819	1	1
B920	0	0.0694327	0	0	0.0694327	1	1
B105	0	0.0883881	0	0	0.0883881	1	1
B918	0	0.0912111	0	0	0.0912111	1	1
B922	0	0.00418367	0	0	0.00418367	1	1
B980	0	0.0643149	0	0	0.0643149	1	1
B278	0	0.0761699	0	0	0.0761699	1	1
B921	0	0.0812926	0	0	0.0812926	1	1
B913	0	0.0244256	0	0	0.0244256	1	1
B912	0	0.0439156	0	0	0.0439156	1	1
B460	0	0.00629782	0	0	0.00629782	1	1
B459	0	0.0579118	0	0	0.0579118	1	1
B458	0	0.0727688	0	0	0.0727688	1	1
B485	0	0.0235183	0	0	0.0235183	1	1
B156	0	0.0995265	0	0	0.0995265	1	1
B487	0	0.0882975	0	0	0.0882975	1	1
B486	0	0.0209278	0	0	0.0209278	1	1
B955	0	0.0401526	0	0	0.0401526	1	1
B957	0	0.0376132	0	0	0.0376132	1	1
B956	0	0.0678673	0	0	0.0678673	1	1
B488	0	0.0132682	0	0	0.0132682	1	1
B489	0	0.0110901	0	0	0.0110901	1	1
B461	0	0.0309483	0	0	0.0309483	1	1
B462	0	0.0705077	0	0	0.0705077	1	1
B192	0	0.0770288	0	0	0.0770288	1	1
B407	0	0.00267246	0	0	0.00267246	1	1
B832	0	0.0035913	0	0	0.0035913	1	1
B831	0	0.0115273	0	0	0.0115273	1	1
B457	0	0.00788719	0	0	0.00788719	1	1
B455	0	0.00184519	0	0	0.00184519	1	1
B454	0	0.0777331	0	0	0.0777331	1	1
B449	0	0.0712411	0	0	0.0712411	1	1
B453	0	0.0955922	0	0	0.0955922	1	1
B136	0	0.0791111	0	0	0.0791111	1	1
B456	0	0.00722794	0	0	0.00722794	1	1
B444	0	0.0078005	0	0	0.0078005	1	1
B445	0	0.098184	0	0	0.098184	1	1
B409	0	0.0764375	0	0	0.0764375	1	1
B447	0	0.0969534	0	0	0.0969534	1	1
B451	0	0.0818102	0	0	0.0818102	1	1
B450	0	0.0749351	0	0	0.0749351	1	1
B954	0	0.0443207	0	0	0.0443207	1	1
B452	0	0.0254455	0	0	0.0254455	1	1
B420	0	0.00567905	0	0	0.00567905	1	1
B541	0	0.0502742	0	0	0.0502742	1	1
B542	0	0.0418567	0	0	0.0418567	1	1
B543	0	0.00481645	0	0	0.00481645	1	1
B544	0	0.0942875	0	0	0.0942875	1	1
B545	0	0.0146991	0	0	0.0146991	1	1
B546	0	0.04385	0	0	0.04385	1	1
B547	0	0.0495214	0	0	0.0495214	1	1
B549	0	0.035241	0	0	0.035241	1	1
B548	0	0.0811047	0	0	0.0811047	1	1
B838	0	0.0749376	0	0	0.0749376	1	1
B439	0	0.0129326	0	0	0.0129326	1	1
B438	0	0.0322109	0	0	0.0322109	1	1
B839	0	0.0673862	0	0	0.0673862	1	1
B841	0	0.077071	0	0	0.077071	1	1
B845	0	0.0473908	0	0	0.0473908	1	1
B844	0	0.053367	0	0	0.053367	1	1
B850	0	0.0794246	0	0	0.0794246	1	1
B849	0	0.0738227	0	0	0.0738227	1	1
B855	0	0.0798567	0	0	0.0798567	1	1
B856	0	0.0785905	0	0	0.0785905	1	1
B858	0	0.0668748	0	0	0.0668748	1	1
B857	0	0.0868095	0	0	0.0868095	1	1
B860	0	0.0133159	0	0	0.0133159	1	1
B859	0	0.0896842	0	0	0.0896842	1	1
B846	0	0.0938554	0	0	0.0938554	1	1
B854	0	0.0666704	0	0	0.0666704	1	1
B848	0	0.0394169	0	0	0.0394169	1	1
B853	0	0.0514199	0	0	0.0514199	1	1
B852	0	0.0937048	0	0	0.0937048	1	1
B851	0	0.0908658	0	0	0.0908658	1	1
B840	0	0.095095	0	0	0.095095	1	1
B842	0	0.0116433	0	0	0.0116433	1	1
B843	0	0.0179972	0	0	0.0179972	1	1
B847	0	0.00318161	0	0	0.00318161	1	1
B930	0	0.046485	0	0	0.046485	1	1
B929	0	0.0125434	0	0	0.0125434	1	1
B931	0	0.02733	0	0	0.02733	1	1
B932	0	0.0685547	0	0	0.0685547	1	1
B934	0	0.0238792	0	0	0.0238792	1	1
B937	0	0.0374211	0	0	0.0374211	1	1
B940	0	0.0481862	0	0	0.0481862	1	1
B942	0	0.0456903	0	0	0.0456903	1	1
B943	0	0.0579943	0	0	0.0579943	1	1
B944	0	0.00934644	0	0	0.00934644	1	1
B933	0	0.0768246	0	0	0.0768246	1	1
B935	0	0.0938577	0	0	0.0938577	1	1
B938	0	0.0338113	0	0	0.0338113	1	1
B939	0	0.0600663	0	0	0.0600663	1	1
B941	0	0.0076201	0	0	0.0076201	1	1
B936	0	4.87593e-05	0	0	4.87593e-05	1	1
B437	0	0.0436363	0	0	0.0436363	1	1
