top-event	mission-time	probability
root	0	1.05107e-14
basic-event	occurrences	Pr	MIF	CIF	DIF	RAW	RRW
B614	1	0.00144777	7.25992e-12	1	1	690.719	0
B686	1	0.0702931	1.49526e-13	1	1	14.2261	0
B135	0	0.0303813	0	0	0.0303813	1	1
B638	0	0.0356467	0	0	0.0356467	1	1
B67	1	0.0723666	1.45242e-13	1	1	13.8185	0
B234	1	0.014156	7.42487e-13	1	1	70.6413	0
B255	1	0.0496815	2.11561e-13	1	1	20.1282	0
B717	1	0.0233156	4.508e-13	1	1	42.8897	0
B804	1	0.0620414	1.69414e-13	1	1	16.1183	6.66193e+15
B114	1	0.0518701	2.02634e-13	1	1	19.2789	0
B417	1	0.0270458	3.88625e-13	1	1	36.9744	6.66193e+15
B780	0	0.0601019	0	0	0.0601019	1	1
B482	0	0.0549884	0	0	0.0549884	1	1
B598	0	0.0500138	0	0	0.0500138	1	1
B812	0	0.0617336	0	0	0.0617336	1	1
B818	0	0.0616926	0	0	0.0616926	1	1
B339	0	0.000532524	0	0	0.000532524	1	1
B491	0	0.0365134	0	0	0.0365134	1	1
B411	0	0.0672469	0	0	0.0672469	1	1
B293	0	0.0941467	0	0	0.0941467	1	1
B133	0	0.0980439	0	0	0.0980439	1	1
B127	0	0.00620651	0	0	0.00620651	1	1
B759	0	0.0243384	0	0	0.0243384	1	1
B297	0	0.029139	0	0	0.029139	1	1
B789	0	0.0943704	0	0	0.0943704	1	1
B795	0	0.0302657	0	0	0.0302657	1	1
B694	0	0.0207998	0	0	0.0207998	1	1
B333	0	0.0668748	0	0	0.0668748	1	1
B821	0	0.095814	0	0	0.095814	1	1
B292	0	0.00418513	0	0	0.00418513	1	1
B230	0	0.0733765	0	0	0.0733765	1	1
B284	0	0.0241319	0	0	0.0241319	1	1
B108	0	0.0679055	0	0	0.0679055	1	1
B384	0	0.0349862	0	0	0.0349862	1	1
B544	0	0.0647894	0	0	0.0647894	1	1
B823	0	0.0906944	0	0	0.0906944	1	1
B803	0	0.0231748	0	0	0.0231748	1	1
B535	0	0.0600626	0	0	0.0600626	1	1
B152	0	0.0938263	0	0	0.0938263	1	1
B79	0	0.00441394	0	0	0.00441394	1	1
B620	0	0.054825	0	0	0.054825	1	1
B767	0	0.0657075	0	0	0.0657075	1	1
B480	0	0.0153966	0	0	0.0153966	1	1
B140	0	0.0514724	0	0	0.0514724	1	1
B314	0	0.00426042	0	0	0.00426042	1	1
B635	0	0.0649031	0	0	0.0649031	1	1
B820	0	0.0477897	0	0	0.0477897	1	1
B819	0	0.0408628	0	0	0.0408628	1	1
B239	0	0.0463412	0	0	0.0463412	1	1
B564	0	0.0712818	0	0	0.0712818	1	1
B786	0	0.0505775	0	0	0.0505775	1	1
B822	0	0.0917146	0	0	0.0917146	1	1
B698	0	0.0312162	0	0	0.0312162	1	1
B539	0	0.0827679	0	0	0.0827679	1	1
B183	0	0.0494479	0	0	0.0494479	1	1
B319	0	0.046011	0	0	0.046011	1	1
B415	0	0.0999913	0	0	0.0999913	1	1
B58	0	0.0573173	0	0	0.0573173	1	1
B513	0	0.0103942	0	0	0.0103942	1	1
B356	0	0.0235141	0	0	0.0235141	1	1
B730	0	0.0082906	0	0	0.0082906	1	1
B481	0	0.0666077	0	0	0.0666077	1	1
B278	0	0.0761699	0	0	0.0761699	1	1
B476	0	0.0497499	0	0	0.0497499	1	1
B416	0	0.0604697	0	0	0.0604697	1	1
B163	0	0.0537687	0	0	0.0537687	1	1
B279	0	0.0436017	0	0	0.0436017	1	1
B502	0	0.00986206	0	0	0.00986206	1	1
B516	0	0.0802896	0	0	0.0802896	1	1
B546	0	0.053851	0	0	0.053851	1	1
B697	0	0.0221645	0	0	0.0221645	1	1
B571	0	0.0335255	0	0	0.0335255	1	1
B57	0	0.0456773	0	0	0.0456773	1	1
B374	0	0.0859599	0	0	0.0859599	1	1
B538	0	0.0626925	0	0	0.0626925	1	1
B604	0	0.0224811	0	0	0.0224811	1	1
B160	0	0.00851092	0	0	0.00851092	1	1
B827	0	0.00755534	0	0	0.00755534	1	1
B514	0	0.00435148	0	0	0.00435148	1	1
B533	0	0.0758894	0	0	0.0758894	1	1
B828	0	0.0754515	0	0	0.0754515	1	1
B507	0	0.0615269	0	0	0.0615269	1	1
B73	0	0.0233381	0	0	0.0233381	1	1
B770	0	0.0155781	0	0	0.0155781	1	1
B171	0	0.0256859	0	0	0.0256859	1	1
B277	0	0.0570012	0	0	0.0570012	1	1
B257	0	0.00466306	0	0	0.00466306	1	1
B97	0	0.0985348	0	0	0.0985348	1	1
B386	0	0.000329651	0	0	0.000329651	1	1
B846	0	0.0508716	0	0	0.0508716	1	1
B720	0	0.0789946	0	0	0.0789946	1	1
B808	0	0.0268259	0	0	0.0268259	1	1
B485	0	0.0578295	0	0	0.0578295	1	1
B387	0	0.0350549	0	0	0.0350549	1	1
B14	0	0.0436281	0	0	0.0436281	1	1
B80	0	0.0134736	0	0	0.0134736	1	1
B166	0	0.0534188	0	0	0.0534188	1	1
B517	0	0.0135947	0	0	0.0135947	1	1
B578	0	0.0337849	0	0	0.0337849	1	1
B396	0	0.0745579	0	0	0.0745579	1	1
B380	0	0.0626092	0	0	0.0626092	1	1
B261	0	0.083964	0	0	0.083964	1	1
B817	0	0.0512941	0	0	0.0512941	1	1
B158	0	0.0194171	0	0	0.0194171	1	1
B336	0	0.0126156	0	0	0.0126156	1	1
B19	0	0.0448327	0	0	0.0448327	1	1
B805	0	0.0919604	0	0	0.0919604	1	1
B796	0	0.0177225	0	0	0.0177225	1	1
B632	0	0.0428573	0	0	0.0428573	1	1
B237	0	0.0220865	0	0	0.0220865	1	1
B48	0	0.0754176	0	0	0.0754176	1	1
B30	0	0.0343469	0	0	0.0343469	1	1
B87	0	0.010863	0	0	0.010863	1	1
B18	0	0.0315466	0	0	0.0315466	1	1
B610	0	0.0864792	0	0	0.0864792	1	1
B456	0	0.0168156	0	0	0.0168156	1	1
B287	0	0.00734492	0	0	0.00734492	1	1
B594	0	0.0249032	0	0	0.0249032	1	1
B479	0	0.0800637	0	0	0.0800637	1	1
B971	0	0.0174101	0	0	0.0174101	1	1
B784	0	0.074401	0	0	0.074401	1	1
B972	0	0.0708705	0	0	0.0708705	1	1
B94	0	0.00734933	0	0	0.00734933	1	1
B766	0	0.00507342	0	0	0.00507342	1	1
B497	0	0.0311466	0	0	0.0311466	1	1
B37	0	0.0398244	0	0	0.0398244	1	1
B687	0	0.0151715	0	0	0.0151715	1	1
B75	0	0.0177598	0	0	0.0177598	1	1
B283	0	0.0211638	0	0	0.0211638	1	1
B494	0	0.00897	0	0	0.00897	1	1
B211	0	0.00516134	0	0	0.00516134	1	1
B655	0	0.0395925	0	0	0.0395925	1	1
B288	0	0.0927139	0	0	0.0927139	1	1
B275	0	0.079152	0	0	0.079152	1	1
B629	0	0.044879	0	0	0.044879	1	1
B143	0	0.0545462	0	0	0.0545462	1	1
B267	0	0.0442718	0	0	0.0442718	1	1
B233	0	0.0998134	0	0	0.0998134	1	1
B212	0	0.0388424	0	0	0.0388424	1	1
B327	0	0.0105736	0	0	0.0105736	1	1
B592	0	0.0178836	0	0	0.0178836	1	1
B874	0	0.0189266	0	0	0.0189266	1	1
B150	0	0.0322064	0	0	0.0322064	1	1
B809	0	0.0561667	0	0	0.0561667	1	1
B746	0	0.029671	0	0	0.029671	1	1
B875	0	0.0873767	0	0	0.0873767	1	1
B99	0	0.0472516	0	0	0.0472516	1	1
B355	0	0.0816909	0	0	0.0816909	1	1
B364	0	0.0814654	0	0	0.0814654	1	1
B214	0	0.0573535	0	0	0.0573535	1	1
B358	0	0.0671589	0	0	0.0671589	1	1
B250	0	0.0253369	0	0	0.0253369	1	1
B526	0	0.0660821	0	0	0.0660821	1	1
B511	0	0.0974261	0	0	0.0974261	1	1
B723	0	0.0607402	0	0	0.0607402	1	1
B46	0	0.0374528	0	0	0.0374528	1	1
B371	0	0.078499	0	0	0.078499	1	1
B738	0	0.0128364	0	0	0.0128364	1	1
B54	0	0.0336923	0	0	0.0336923	1	1
B246	0	0.032063	0	0	0.032063	1	1
B8	0	0.0852088	0	0	0.0852088	1	1
B877	0	0.0481987	0	0	0.0481987	1	1
B9	0	0.0159671	0	0	0.0159671	1	1
B755	0	0.0333045	0	0	0.0333045	1	1
B60	0	0.018907	0	0	0.018907	1	1
B174	0	0.0486125	0	0	0.0486125	1	1
B247	0	0.0386507	0	0	0.0386507	1	1
B499	0	0.0675211	0	0	0.0675211	1	1
B215	0	0.0963125	0	0	0.0963125	1	1
B39	0	0.0512757	0	0	0.0512757	1	1
B102	0	0.0348374	0	0	0.0348374	1	1
B17	0	0.00698863	0	0	0.00698863	1	1
B251	0	0.0168029	0	0	0.0168029	1	1
B763	0	0.0435133	0	0	0.0435133	1	1
B31	0	0.0801499	0	0	0.0801499	1	1
B210	0	0.0944222	0	0	0.0944222	1	1
B346	0	0.0661309	0	0	0.0661309	1	1
B289	0	0.0010966	0	0	0.0010966	1	1
B266	0	0.00921678	0	0	0.00921678	1	1
B300	0	0.0670953	0	0	0.0670953	1	1
B525	0	0.0529145	0	0	0.0529145	1	1
B515	0	0.0152245	0	0	0.0152245	1	1
B403	0	0.0283307	0	0	0.0283307	1	1
B643	0	0.055841	0	0	0.055841	1	1
B728	0	0.0417249	0	0	0.0417249	1	1
B299	0	0.0112728	0	0	0.0112728	1	1
B332	0	0.00827796	0	0	0.00827796	1	1
B599	0	0.000525091	0	0	0.000525091	1	1
B706	0	0.0436363	0	0	0.0436363	1	1
B899	0	0.0884457	0	0	0.0884457	1	1
B658	0	0.0102521	0	0	0.0102521	1	1
B709	0	0.0393659	0	0	0.0393659	1	1
B311	0	0.0390093	0	0	0.0390093	1	1
B797	0	0.00163208	0	0	0.00163208	1	1
B903	0	0.0940389	0	0	0.0940389	1	1
B50	0	0.0820192	0	0	0.0820192	1	1
B375	0	0.0853137	0	0	0.0853137	1	1
B523	0	0.041098	0	0	0.041098	1	1
B100	0	0.0750817	0	0	0.0750817	1	1
B61	0	0.00881664	0	0	0.00881664	1	1
B674	0	0.0392585	0	0	0.0392585	1	1
B693	0	0.0838377	0	0	0.0838377	1	1
B710	0	0.0465993	0	0	0.0465993	1	1
B157	0	0.089081	0	0	0.089081	1	1
B904	0	0.0269448	0	0	0.0269448	1	1
B676	0	0.0731593	0	0	0.0731593	1	1
B521	0	0.0420807	0	0	0.0420807	1	1
B528	0	0.0991327	0	0	0.0991327	1	1
B381	0	0.0846505	0	0	0.0846505	1	1
B896	0	0.0740743	0	0	0.0740743	1	1
B462	0	0.0393695	0	0	0.0393695	1	1
B703	0	0.0626446	0	0	0.0626446	1	1
B898	0	0.0456727	0	0	0.0456727	1	1
B10	0	0.0337223	0	0	0.0337223	1	1
B394	0	0.0104627	0	0	0.0104627	1	1
B220	0	0.0571525	0	0	0.0571525	1	1
B609	0	0.0637873	0	0	0.0637873	1	1
B453	0	0.0847176	0	0	0.0847176	1	1
B761	0	0.00835791	0	0	0.00835791	1	1
B295	0	0.0879132	0	0	0.0879132	1	1
B801	0	0.023131	0	0	0.023131	1	1
B77	0	0.0444505	0	0	0.0444505	1	1
B429	0	0.0975161	0	0	0.0975161	1	1
B498	0	0.0031245	0	0	0.0031245	1	1
B496	0	0.0534938	0	0	0.0534938	1	1
B892	0	0.086168	0	0	0.086168	1	1
B69	0	0.0638804	0	0	0.0638804	1	1
B224	0	0.0905464	0	0	0.0905464	1	1
B573	0	0.0631633	0	0	0.0631633	1	1
B264	0	0.0467397	0	0	0.0467397	1	1
B338	0	0.0851359	0	0	0.0851359	1	1
B891	0	0.0644881	0	0	0.0644881	1	1
B78	0	0.0751653	0	0	0.0751653	1	1
B448	0	3.58396e-05	0	0	3.58396e-05	1	1
B120	0	0.0389265	0	0	0.0389265	1	1
B911	0	0.0916556	0	0	0.0916556	1	1
B474	0	0.0961174	0	0	0.0961174	1	1
B484	0	0.00627403	0	0	0.00627403	1	1
B483	0	0.0897515	0	0	0.0897515	1	1
B95	0	0.0694209	0	0	0.0694209	1	1
B912	0	0.00205519	0	0	0.00205519	1	1
B913	0	0.089348	0	0	0.089348	1	1
B778	0	0.031092	0	0	0.031092	1	1
B464	0	0.0638113	0	0	0.0638113	1	1
B887	0	0.0549962	0	0	0.0549962	1	1
B62	0	0.0628321	0	0	0.0628321	1	1
B540	0	0.0479406	0	0	0.0479406	1	1
B309	0	0.0434609	0	0	0.0434609	1	1
B724	0	0.0777078	0	0	0.0777078	1	1
B463	0	0.0568427	0	0	0.0568427	1	1
B722	0	0.0609518	0	0	0.0609518	1	1
B179	0	0.0634786	0	0	0.0634786	1	1
B170	0	0.0776957	0	0	0.0776957	1	1
B886	0	0.0546211	0	0	0.0546211	1	1
B436	0	0.0234985	0	0	0.0234985	1	1
B398	0	0.0634909	0	0	0.0634909	1	1
B890	0	0.0535206	0	0	0.0535206	1	1
B551	0	0.0169191	0	0	0.0169191	1	1
B634	0	0.0348195	0	0	0.0348195	1	1
B608	0	0.0318587	0	0	0.0318587	1	1
B601	0	0.0350189	0	0	0.0350189	1	1
B360	0	0.000955137	0	0	0.000955137	1	1
B235	0	0.0870469	0	0	0.0870469	1	1
B613	0	0.0443416	0	0	0.0443416	1	1
B555	0	0.0372458	0	0	0.0372458	1	1
B367	0	0.0924778	0	0	0.0924778	1	1
B49	0	0.0181473	0	0	0.0181473	1	1
B492	0	0.0944835	0	0	0.0944835	1	1
B202	0	0.0174887	0	0	0.0174887	1	1
B221	0	0.0248421	0	0	0.0248421	1	1
B656	0	0.0359081	0	0	0.0359081	1	1
B653	0	0.0414705	0	0	0.0414705	1	1
B477	0	0.0422728	0	0	0.0422728	1	1
B593	0	0.0558167	0	0	0.0558167	1	1
B393	0	0.0444724	0	0	0.0444724	1	1
B519	0	0.0583734	0	0	0.0583734	1	1
B156	0	0.0995265	0	0	0.0995265	1	1
B357	0	0.0431307	0	0	0.0431307	1	1
B894	0	0.0838328	0	0	0.0838328	1	1
B713	0	0.0844324	0	0	0.0844324	1	1
B379	0	0.0367751	0	0	0.0367751	1	1
B105	0	0.0883881	0	0	0.0883881	1	1
B433	0	0.0762062	0	0	0.0762062	1	1
B110	0	0.0234971	0	0	0.0234971	1	1
B316	0	0.0731224	0	0	0.0731224	1	1
B323	0	0.0520877	0	0	0.0520877	1	1
B45	0	0.0668474	0	0	0.0668474	1	1
B42	0	0.0666661	0	0	0.0666661	1	1
B895	0	0.04678	0	0	0.04678	1	1
B897	0	0.0913682	0	0	0.0913682	1	1
B422	0	0.01301	0	0	0.01301	1	1
B450	0	0.0915765	0	0	0.0915765	1	1
B391	0	0.0719622	0	0	0.0719622	1	1
B558	0	0.010473	0	0	0.010473	1	1
B200	0	0.050048	0	0	0.050048	1	1
B351	0	0.0668353	0	0	0.0668353	1	1
B553	0	0.0585932	0	0	0.0585932	1	1
B223	0	0.0501001	0	0	0.0501001	1	1
B168	0	0.0483964	0	0	0.0483964	1	1
B301	0	0.0821799	0	0	0.0821799	1	1
B72	0	0.0629994	0	0	0.0629994	1	1
B881	0	0.0164578	0	0	0.0164578	1	1
B11	0	0.0333803	0	0	0.0333803	1	1
B6	0	0.0536207	0	0	0.0536207	1	1
B557	0	0.0177211	0	0	0.0177211	1	1
B274	0	0.0406419	0	0	0.0406419	1	1
B132	0	0.0740167	0	0	0.0740167	1	1
B35	0	0.080934	0	0	0.080934	1	1
B607	0	0.0472387	0	0	0.0472387	1	1
B34	0	0.052708	0	0	0.052708	1	1
B71	0	0.096406	0	0	0.096406	1	1
B53	0	0.0170135	0	0	0.0170135	1	1
B764	0	0.00945128	0	0	0.00945128	1	1
B82	0	0.025637	0	0	0.025637	1	1
B587	0	0.0140312	0	0	0.0140312	1	1
B733	0	0.0465795	0	0	0.0465795	1	1
B122	0	0.097493	0	0	0.097493	1	1
B458	0	0.0828069	0	0	0.0828069	1	1
B22	0	0.0142184	0	0	0.0142184	1	1
B118	0	0.0915824	0	0	0.0915824	1	1
B554	0	0.0490835	0	0	0.0490835	1	1
B430	0	0.0329796	0	0	0.0329796	1	1
B273	0	0.0939393	0	0	0.0939393	1	1
B586	0	0.0933295	0	0	0.0933295	1	1
B112	0	0.087891	0	0	0.087891	1	1
B282	0	0.0194468	0	0	0.0194468	1	1
B326	0	0.0936618	0	0	0.0936618	1	1
B802	0	0.0637711	0	0	0.0637711	1	1
B901	0	0.0197137	0	0	0.0197137	1	1
B900	0	0.0832675	0	0	0.0832675	1	1
B154	0	0.0197103	0	0	0.0197103	1	1
B148	0	0.0506306	0	0	0.0506306	1	1
B902	0	0.0514199	0	0	0.0514199	1	1
B291	0	0.0546932	0	0	0.0546932	1	1
B779	0	0.0431878	0	0	0.0431878	1	1
B478	0	0.0866103	0	0	0.0866103	1	1
B852	0	0.0362079	0	0	0.0362079	1	1
B340	0	0.0788836	0	0	0.0788836	1	1
B565	0	0.0763541	0	0	0.0763541	1	1
B252	0	0.0416063	0	0	0.0416063	1	1
B781	0	0.0914427	0	0	0.0914427	1	1
B145	0	0.0893435	0	0	0.0893435	1	1
B184	0	0.0695785	0	0	0.0695785	1	1
B853	0	0.0740235	0	0	0.0740235	1	1
B334	0	0.0959226	0	0	0.0959226	1	1
B692	0	0.0615638	0	0	0.0615638	1	1
B420	0	0.00567905	0	0	0.00567905	1	1
B749	0	0.0867285	0	0	0.0867285	1	1
B671	0	0.0051558	0	0	0.0051558	1	1
B712	0	0.0871546	0	0	0.0871546	1	1
B726	0	0.0520277	0	0	0.0520277	1	1
B637	0	0.0954483	0	0	0.0954483	1	1
B40	0	0.068484	0	0	0.068484	1	1
B208	0	0.0819804	0	0	0.0819804	1	1
B418	0	0.0892764	0	0	0.0892764	1	1
B908	0	0.0299888	0	0	0.0299888	1	1
B23	0	0.0790074	0	0	0.0790074	1	1
B800	0	0.0668466	0	0	0.0668466	1	1
B365	0	0.00579646	0	0	0.00579646	1	1
B438	0	0.0113254	0	0	0.0113254	1	1
B124	0	0.0629621	0	0	0.0629621	1	1
B7	0	0.0332204	0	0	0.0332204	1	1
B41	0	0.0638357	0	0	0.0638357	1	1
B259	0	0.0763859	0	0	0.0763859	1	1
B27	0	0.0265329	0	0	0.0265329	1	1
B209	0	0.0322241	0	0	0.0322241	1	1
B495	0	0.00427413	0	0	0.00427413	1	1
B505	0	0.0797174	0	0	0.0797174	1	1
B313	0	0.0496938	0	0	0.0496938	1	1
B190	0	0.0420767	0	0	0.0420767	1	1
B231	0	0.0477327	0	0	0.0477327	1	1
B618	0	0.0778314	0	0	0.0778314	1	1
B337	0	0.0475169	0	0	0.0475169	1	1
B522	0	0.0263201	0	0	0.0263201	1	1
B186	0	0.00524448	0	0	0.00524448	1	1
B405	0	0.0983098	0	0	0.0983098	1	1
B113	0	0.00571686	0	0	0.00571686	1	1
B848	0	0.0323652	0	0	0.0323652	1	1
B700	0	0.0196894	0	0	0.0196894	1	1
B119	0	0.0776135	0	0	0.0776135	1	1
B245	0	0.0981314	0	0	0.0981314	1	1
B285	0	0.00375663	0	0	0.00375663	1	1
B570	0	0.0525221	0	0	0.0525221	1	1
B414	0	0.0100822	0	0	0.0100822	1	1
B406	0	0.0163364	0	0	0.0163364	1	1
B910	0	0.0549076	0	0	0.0549076	1	1
B757	0	0.0161281	0	0	0.0161281	1	1
B461	0	0.0791236	0	0	0.0791236	1	1
B196	0	0.0180684	0	0	0.0180684	1	1
B548	0	0.0586505	0	0	0.0586505	1	1
B404	0	0.0890317	0	0	0.0890317	1	1
B568	0	0.0231737	0	0	0.0231737	1	1
B103	0	0.0639132	0	0	0.0639132	1	1
B92	0	0.000857113	0	0	0.000857113	1	1
B361	0	0.0327389	0	0	0.0327389	1	1
B909	0	0.0485185	0	0	0.0485185	1	1
B905	0	0.0562869	0	0	0.0562869	1	1
B13	0	0.000168054	0	0	0.000168054	1	1
B630	0	0.0815696	0	0	0.0815696	1	1
B213	0	0.0107475	0	0	0.0107475	1	1
B906	0	0.0181394	0	0	0.0181394	1	1
B794	0	0.0118711	0	0	0.0118711	1	1
B52	0	0.0658078	0	0	0.0658078	1	1
B907	0	0.0385314	0	0	0.0385314	1	1
B318	0	0.0125988	0	0	0.0125988	1	1
B628	0	0.0126679	0	0	0.0126679	1	1
B542	0	0.0808003	0	0	0.0808003	1	1
B88	0	0.00626181	0	0	0.00626181	1	1
B473	0	0.0284892	0	0	0.0284892	1	1
B721	0	0.0444151	0	0	0.0444151	1	1
B423	0	0.0410754	0	0	0.0410754	1	1
B683	0	0.00329794	0	0	0.00329794	1	1
B240	0	0.0899584	0	0	0.0899584	1	1
B870	0	0.0859331	0	0	0.0859331	1	1
B771	0	0.0671905	0	0	0.0671905	1	1
B228	0	0.0019922	0	0	0.0019922	1	1
B139	0	0.0871396	0	0	0.0871396	1	1
B582	0	0.0840633	0	0	0.0840633	1	1
B325	0	0.0213381	0	0	0.0213381	1	1
B774	0	0.0581905	0	0	0.0581905	1	1
B96	0	0.0404213	0	0	0.0404213	1	1
B362	0	0.0400718	0	0	0.0400718	1	1
B263	0	0.0865675	0	0	0.0865675	1	1
B307	0	0.0222057	0	0	0.0222057	1	1
B536	0	0.0454052	0	0	0.0454052	1	1
B227	0	0.0182214	0	0	0.0182214	1	1
B864	0	0.057587	0	0	0.057587	1	1
B785	0	0.0790612	0	0	0.0790612	1	1
B126	0	0.0386252	0	0	0.0386252	1	1
B258	0	0.0524777	0	0	0.0524777	1	1
B636	0	0.0125043	0	0	0.0125043	1	1
B329	0	0.0753012	0	0	0.0753012	1	1
B754	0	0.015847	0	0	0.015847	1	1
B503	0	0.0713928	0	0	0.0713928	1	1
B518	0	0.0705928	0	0	0.0705928	1	1
B193	0	0.034304	0	0	0.034304	1	1
B2	0	0.0407248	0	0	0.0407248	1	1
B59	0	0.0336113	0	0	0.0336113	1	1
B428	0	0.0534939	0	0	0.0534939	1	1
B141	0	0.013738	0	0	0.013738	1	1
B232	0	0.00427696	0	0	0.00427696	1	1
B138	0	0.0521596	0	0	0.0521596	1	1
B454	0	0.017466	0	0	0.017466	1	1
B392	0	0.0610013	0	0	0.0610013	1	1
B976	0	0.0710012	0	0	0.0710012	1	1
B412	0	0.0780102	0	0	0.0780102	1	1
B310	0	0.056049	0	0	0.056049	1	1
B688	0	0.0604973	0	0	0.0604973	1	1
B753	0	0.00257585	0	0	0.00257585	1	1
B685	0	0.028701	0	0	0.028701	1	1
B399	0	0.00706178	0	0	0.00706178	1	1
B280	0	0.0356473	0	0	0.0356473	1	1
B203	0	0.0559035	0	0	0.0559035	1	1
B320	0	0.0862152	0	0	0.0862152	1	1
B443	0	0.0884798	0	0	0.0884798	1	1
B20	0	0.09054	0	0	0.09054	1	1
B968	0	0.0814328	0	0	0.0814328	1	1
B772	0	0.0170835	0	0	0.0170835	1	1
B205	0	0.0921684	0	0	0.0921684	1	1
B427	0	0.0119387	0	0	0.0119387	1	1
B372	0	0.0604698	0	0	0.0604698	1	1
B552	0	0.03749	0	0	0.03749	1	1
B63	0	0.0012839	0	0	0.0012839	1	1
B799	0	0.062705	0	0	0.062705	1	1
B197	0	0.0977231	0	0	0.0977231	1	1
B879	0	0.0642893	0	0	0.0642893	1	1
B129	0	0.066845	0	0	0.066845	1	1
B793	0	0.089616	0	0	0.089616	1	1
B549	0	0.0786099	0	0	0.0786099	1	1
B489	0	0.0434033	0	0	0.0434033	1	1
B622	0	0.0562084	0	0	0.0562084	1	1
B347	0	0.00596349	0	0	0.00596349	1	1
B696	0	0.0475872	0	0	0.0475872	1	1
B149	0	0.020328	0	0	0.020328	1	1
B85	0	0.0434274	0	0	0.0434274	1	1
B390	0	0.00798941	0	0	0.00798941	1	1
B664	0	0.0422257	0	0	0.0422257	1	1
B395	0	0.0596334	0	0	0.0596334	1	1
B111	0	0.00783857	0	0	0.00783857	1	1
B532	0	0.0144034	0	0	0.0144034	1	1
B470	0	0.0338225	0	0	0.0338225	1	1
B880	0	0.0965303	0	0	0.0965303	1	1
B424	0	0.0621082	0	0	0.0621082	1	1
B65	0	0.0229137	0	0	0.0229137	1	1
B187	0	0.0861648	0	0	0.0861648	1	1
B308	0	0.0662425	0	0	0.0662425	1	1
B661	0	0.0368195	0	0	0.0368195	1	1
B98	0	0.0262547	0	0	0.0262547	1	1
B893	0	0.0342726	0	0	0.0342726	1	1
B43	0	0.08901	0	0	0.08901	1	1
B109	0	0.0372116	0	0	0.0372116	1	1
B615	0	0.00380155	0	0	0.00380155	1	1
B155	0	0.0199507	0	0	0.0199507	1	1
B680	0	0.0121102	0	0	0.0121102	1	1
B748	0	0.00491954	0	0	0.00491954	1	1
B617	0	0.0365144	0	0	0.0365144	1	1
B400	0	0.020535	0	0	0.020535	1	1
B811	0	0.0965365	0	0	0.0965365	1	1
B107	0	0.0717721	0	0	0.0717721	1	1
B345	0	0.0936961	0	0	0.0936961	1	1
B715	0	0.0563805	0	0	0.0563805	1	1
B147	0	0.0271759	0	0	0.0271759	1	1
B219	0	0.0439227	0	0	0.0439227	1	1
B91	0	0.0433206	0	0	0.0433206	1	1
B441	0	0.0837315	0	0	0.0837315	1	1
B531	0	0.0603911	0	0	0.0603911	1	1
B882	0	0.0423433	0	0	0.0423433	1	1
B315	0	0.0139231	0	0	0.0139231	1	1
B777	0	0.0615488	0	0	0.0615488	1	1
B967	0	0.00795509	0	0	0.00795509	1	1
B644	0	0.0976774	0	0	0.0976774	1	1
B574	0	0.0416264	0	0	0.0416264	1	1
B397	0	0.0198733	0	0	0.0198733	1	1
B321	0	0.0551805	0	0	0.0551805	1	1
B695	0	0.024073	0	0	0.024073	1	1
B560	0	0.00728467	0	0	0.00728467	1	1
B401	0	0.0358274	0	0	0.0358274	1	1
B449	0	0.0209664	0	0	0.0209664	1	1
B682	0	0.0500092	0	0	0.0500092	1	1
B666	0	0.0921458	0	0	0.0921458	1	1
B690	0	0.0534398	0	0	0.0534398	1	1
B142	0	0.0500128	0	0	0.0500128	1	1
B725	0	0.0174977	0	0	0.0174977	1	1
B708	0	0.0079334	0	0	0.0079334	1	1
B378	0	0.0984445	0	0	0.0984445	1	1
B584	0	0.0711179	0	0	0.0711179	1	1
B173	0	0.0577948	0	0	0.0577948	1	1
B312	0	0.0983671	0	0	0.0983671	1	1
B354	0	0.0819702	0	0	0.0819702	1	1
B493	0	0.0862411	0	0	0.0862411	1	1
B262	0	0.030276	0	0	0.030276	1	1
B490	0	0.0534803	0	0	0.0534803	1	1
B377	0	0.0420878	0	0	0.0420878	1	1
B567	0	0.0525687	0	0	0.0525687	1	1
B663	0	0.0865535	0	0	0.0865535	1	1
B843	0	0.0434153	0	0	0.0434153	1	1
B437	0	0.00935781	0	0	0.00935781	1	1
B583	0	0.0690858	0	0	0.0690858	1	1
B639	0	0.0310767	0	0	0.0310767	1	1
B616	0	0.097182	0	0	0.097182	1	1
B460	0	0.00238371	0	0	0.00238371	1	1
B509	0	0.0182449	0	0	0.0182449	1	1
B512	0	0.065808	0	0	0.065808	1	1
B884	0	0.0691637	0	0	0.0691637	1	1
B883	0	0.025978	0	0	0.025978	1	1
B106	0	0.0419044	0	0	0.0419044	1	1
B888	0	0.0548725	0	0	0.0548725	1	1
B243	0	0.0288717	0	0	0.0288717	1	1
B657	0	0.0938232	0	0	0.0938232	1	1
B581	0	0.0728799	0	0	0.0728799	1	1
B25	0	0.0911151	0	0	0.0911151	1	1
B885	0	0.0351033	0	0	0.0351033	1	1
B745	0	0.0816487	0	0	0.0816487	1	1
B744	0	0.0232015	0	0	0.0232015	1	1
B889	0	0.094826	0	0	0.094826	1	1
B776	0	0.0957083	0	0	0.0957083	1	1
B44	0	0.0486142	0	0	0.0486142	1	1
B678	0	0.00631169	0	0	0.00631169	1	1
B349	0	0.046134	0	0	0.046134	1	1
B814	0	0.000886113	0	0	0.000886113	1	1
B576	0	0.0763431	0	0	0.0763431	1	1
B876	0	0.0796979	0	0	0.0796979	1	1
B668	0	0.0436776	0	0	0.0436776	1	1
B735	0	0.0134881	0	0	0.0134881	1	1
B51	0	0.0913647	0	0	0.0913647	1	1
B611	0	0.0697217	0	0	0.0697217	1	1
B935	0	0.0245829	0	0	0.0245829	1	1
B130	0	0.0349546	0	0	0.0349546	1	1
B702	0	0.0330826	0	0	0.0330826	1	1
B934	0	0.0374004	0	0	0.0374004	1	1
B434	0	0.0657951	0	0	0.0657951	1	1
B547	0	0.0562679	0	0	0.0562679	1	1
B271	0	0.0940891	0	0	0.0940891	1	1
B579	0	0.0480894	0	0	0.0480894	1	1
B298	0	0.0185936	0	0	0.0185936	1	1
B446	0	0.0820282	0	0	0.0820282	1	1
B602	0	0.0676703	0	0	0.0676703	1	1
B591	0	0.0744355	0	0	0.0744355	1	1
B260	0	0.0926895	0	0	0.0926895	1	1
B631	0	0.0836467	0	0	0.0836467	1	1
B600	0	0.0155775	0	0	0.0155775	1	1
B68	0	0.0909154	0	0	0.0909154	1	1
B369	0	0.0125123	0	0	0.0125123	1	1
B185	0	0.0122325	0	0	0.0122325	1	1
B878	0	0.00421105	0	0	0.00421105	1	1
B359	0	0.00894122	0	0	0.00894122	1	1
B335	0	0.0179805	0	0	0.0179805	1	1
B758	0	0.00395228	0	0	0.00395228	1	1
B760	0	0.0347436	0	0	0.0347436	1	1
B182	0	0.0609162	0	0	0.0609162	1	1
B281	0	0.0493224	0	0	0.0493224	1	1
B153	0	0.0080371	0	0	0.0080371	1	1
B670	0	0.00403852	0	0	0.00403852	1	1
B589	0	0.0167249	0	0	0.0167249	1	1
B619	0	0.0970626	0	0	0.0970626	1	1
B590	0	0.0685895	0	0	0.0685895	1	1
B537	0	0.065525	0	0	0.065525	1	1
B704	0	0.0463247	0	0	0.0463247	1	1
B229	0	0.0660208	0	0	0.0660208	1	1
B322	0	0.00174324	0	0	0.00174324	1	1
B603	0	0.0638463	0	0	0.0638463	1	1
B304	0	0.0361539	0	0	0.0361539	1	1
B104	0	0.0969686	0	0	0.0969686	1	1
B506	0	0.0882953	0	0	0.0882953	1	1
B684	0	0.0204627	0	0	0.0204627	1	1
B5	0	0.00381633	0	0	0.00381633	1	1
B737	0	0.0699608	0	0	0.0699608	1	1
B253	0	0.0424982	0	0	0.0424982	1	1
B595	0	0.0952814	0	0	0.0952814	1	1
B707	0	0.0913504	0	0	0.0913504	1	1
B178	0	0.0126115	0	0	0.0126115	1	1
B407	0	0.00267246	0	0	0.00267246	1	1
B718	0	0.00573712	0	0	0.00573712	1	1
B665	0	0.064531	0	0	0.064531	1	1
B973	0	0.00865933	0	0	0.00865933	1	1
B667	0	0.0929093	0	0	0.0929093	1	1
B711	0	0.00985528	0	0	0.00985528	1	1
B508	0	0.0333765	0	0	0.0333765	1	1
B161	0	0.0317035	0	0	0.0317035	1	1
B625	0	0.0695191	0	0	0.0695191	1	1
B70	0	0.0991793	0	0	0.0991793	1	1
B425	0	0.0519424	0	0	0.0519424	1	1
B32	0	0.020687	0	0	0.020687	1	1
B328	0	0.0829702	0	0	0.0829702	1	1
B541	0	0.037167	0	0	0.037167	1	1
B236	0	0.0891534	0	0	0.0891534	1	1
B47	0	0.0031851	0	0	0.0031851	1	1
B566	0	0.0488116	0	0	0.0488116	1	1
B89	0	0.0355068	0	0	0.0355068	1	1
B217	0	0.0646839	0	0	0.0646839	1	1
B543	0	0.0465404	0	0	0.0465404	1	1
B873	0	0.0340151	0	0	0.0340151	1	1
B471	0	0.00226706	0	0	0.00226706	1	1
B457	0	0.0883941	0	0	0.0883941	1	1
B872	0	0.0842283	0	0	0.0842283	1	1
B244	0	0.0580109	0	0	0.0580109	1	1
B651	0	0.0349097	0	0	0.0349097	1	1
B181	0	0.0790528	0	0	0.0790528	1	1
B439	0	0.0100935	0	0	0.0100935	1	1
B432	0	0.063799	0	0	0.063799	1	1
B465	0	0.0543602	0	0	0.0543602	1	1
B659	0	0.0257167	0	0	0.0257167	1	1
B810	0	0.0266021	0	0	0.0266021	1	1
B699	0	0.0776563	0	0	0.0776563	1	1
B66	0	0.0532002	0	0	0.0532002	1	1
B798	0	0.0719015	0	0	0.0719015	1	1
B216	0	0.0324702	0	0	0.0324702	1	1
B206	0	0.0122336	0	0	0.0122336	1	1
B385	0	0.0690235	0	0	0.0690235	1	1
B290	0	0.0656217	0	0	0.0656217	1	1
B199	0	0.0414733	0	0	0.0414733	1	1
B368	0	0.0288075	0	0	0.0288075	1	1
B330	0	0.0592827	0	0	0.0592827	1	1
B530	0	0.0890282	0	0	0.0890282	1	1
B468	0	0.059745	0	0	0.059745	1	1
B86	0	0.0420363	0	0	0.0420363	1	1
B348	0	0.0151706	0	0	0.0151706	1	1
B376	0	0.026327	0	0	0.026327	1	1
B472	0	0.0145275	0	0	0.0145275	1	1
B815	0	0.0711765	0	0	0.0711765	1	1
B121	0	0.0126479	0	0	0.0126479	1	1
B445	0	0.0674091	0	0	0.0674091	1	1
B421	0	0.0254859	0	0	0.0254859	1	1
B302	0	0.0212019	0	0	0.0212019	1	1
B56	0	0.00733	0	0	0.00733	1	1
B624	0	0.0822179	0	0	0.0822179	1	1
B76	0	0.0991958	0	0	0.0991958	1	1
B871	0	0.0971582	0	0	0.0971582	1	1
B305	0	0.0152883	0	0	0.0152883	1	1
B743	0	0.0268234	0	0	0.0268234	1	1
B569	0	0.062714	0	0	0.062714	1	1
B837	0	0.0689145	0	0	0.0689145	1	1
B650	0	0.0188444	0	0	0.0188444	1	1
B788	0	0.0587549	0	0	0.0587549	1	1
B672	0	0.0936182	0	0	0.0936182	1	1
B146	0	0.0340087	0	0	0.0340087	1	1
B21	0	0.00927736	0	0	0.00927736	1	1
B633	0	0.0837929	0	0	0.0837929	1	1
B839	0	0.0560821	0	0	0.0560821	1	1
B501	0	0.0643827	0	0	0.0643827	1	1
B207	0	0.0265423	0	0	0.0265423	1	1
B447	0	0.0132313	0	0	0.0132313	1	1
B719	0	0.0696166	0	0	0.0696166	1	1
B978	0	0.0912013	0	0	0.0912013	1	1
B534	0	0.0943537	0	0	0.0943537	1	1
B752	0	0.0611117	0	0	0.0611117	1	1
B162	0	0.0341151	0	0	0.0341151	1	1
B563	0	0.0506485	0	0	0.0506485	1	1
B195	0	0.082048	0	0	0.082048	1	1
B981	0	0.044808	0	0	0.044808	1	1
B440	0	0.0767352	0	0	0.0767352	1	1
B980	0	0.0899314	0	0	0.0899314	1	1
B556	0	0.0421381	0	0	0.0421381	1	1
B177	0	0.0501263	0	0	0.0501263	1	1
B276	0	0.0110957	0	0	0.0110957	1	1
B641	0	0.0205835	0	0	0.0205835	1	1
B256	0	0.0164778	0	0	0.0164778	1	1
B982	0	0.0595753	0	0	0.0595753	1	1
B194	0	0.0753716	0	0	0.0753716	1	1
B984	0	0.0836915	0	0	0.0836915	1	1
B176	0	0.0224158	0	0	0.0224158	1	1
B545	0	0.0284224	0	0	0.0284224	1	1
B370	0	0.0792626	0	0	0.0792626	1	1
B729	0	0.0736499	0	0	0.0736499	1	1
B123	0	0.0517108	0	0	0.0517108	1	1
B15	0	0.00876226	0	0	0.00876226	1	1
B999	0	0.0917336	0	0	0.0917336	1	1
B452	0	0.0129651	0	0	0.0129651	1	1
B317	0	0.0912628	0	0	0.0912628	1	1
B989	0	0.0715711	0	0	0.0715711	1	1
B612	0	0.0980299	0	0	0.0980299	1	1
B988	0	0.0830556	0	0	0.0830556	1	1
B451	0	0.0807674	0	0	0.0807674	1	1
B990	0	0.0261287	0	0	0.0261287	1	1
B991	0	0.0183261	0	0	0.0183261	1	1
B701	0	0.0482314	0	0	0.0482314	1	1
B134	0	0.0668838	0	0	0.0668838	1	1
B750	0	0.092946	0	0	0.092946	1	1
B862	0	0.0240033	0	0	0.0240033	1	1
B466	0	0.0188004	0	0	0.0188004	1	1
B167	0	0.0786082	0	0	0.0786082	1	1
B998	0	0.00920449	0	0	0.00920449	1	1
B691	0	0.0865669	0	0	0.0865669	1	1
B562	0	0.0975301	0	0	0.0975301	1	1
B995	0	0.0397058	0	0	0.0397058	1	1
B997	0	0.000277572	0	0	0.000277572	1	1
B1000	0	0.0181225	0	0	0.0181225	1	1
B813	0	0.098184	0	0	0.098184	1	1
B756	0	0.0665813	0	0	0.0665813	1	1
B93	0	0.0535806	0	0	0.0535806	1	1
B983	0	0.0483458	0	0	0.0483458	1	1
B985	0	0.0627193	0	0	0.0627193	1	1
B762	0	0.0912789	0	0	0.0912789	1	1
B791	0	0.0529439	0	0	0.0529439	1	1
B488	0	0.0817176	0	0	0.0817176	1	1
B373	0	0.0767423	0	0	0.0767423	1	1
B363	0	0.0786894	0	0	0.0786894	1	1
B987	0	0.0767265	0	0	0.0767265	1	1
B773	0	0.0764836	0	0	0.0764836	1	1
B580	0	0.0235286	0	0	0.0235286	1	1
B550	0	0.0338631	0	0	0.0338631	1	1
B29	0	0.0768797	0	0	0.0768797	1	1
B588	0	0.0807239	0	0	0.0807239	1	1
B669	0	0.0447383	0	0	0.0447383	1	1
B768	0	0.0654468	0	0	0.0654468	1	1
B352	0	0.0358939	0	0	0.0358939	1	1
B727	0	0.0908042	0	0	0.0908042	1	1
B81	0	0.0193185	0	0	0.0193185	1	1
B16	0	0.0597603	0	0	0.0597603	1	1
B645	0	0.00100625	0	0	0.00100625	1	1
B242	0	0.07743	0	0	0.07743	1	1
B90	0	0.0088798	0	0	0.0088798	1	1
B751	0	0.0767893	0	0	0.0767893	1	1
B992	0	0.0614963	0	0	0.0614963	1	1
B994	0	0.0386242	0	0	0.0386242	1	1
B524	0	0.0184037	0	0	0.0184037	1	1
B36	0	0.031527	0	0	0.031527	1	1
B144	0	0.0369007	0	0	0.0369007	1	1
B993	0	0.099789	0	0	0.099789	1	1
B38	0	0.0769281	0	0	0.0769281	1	1
B996	0	0.0812447	0	0	0.0812447	1	1
B561	0	0.0573822	0	0	0.0573822	1	1
B621	0	0.0673368	0	0	0.0673368	1	1
B331	0	0.0324871	0	0	0.0324871	1	1
B979	0	0.00959201	0	0	0.00959201	1	1
B402	0	0.0778023	0	0	0.0778023	1	1
B529	0	0.0925039	0	0	0.0925039	1	1
B986	0	0.0932885	0	0	0.0932885	1	1
B115	0	0.0537541	0	0	0.0537541	1	1
B426	0	0.0553721	0	0	0.0553721	1	1
B272	0	0.00677842	0	0	0.00677842	1	1
B24	0	0.00212458	0	0	0.00212458	1	1
B64	0	0.035192	0	0	0.035192	1	1
B977	0	0.066285	0	0	0.066285	1	1
B816	0	0.00905357	0	0	0.00905357	1	1
B572	0	0.0937778	0	0	0.0937778	1	1
B487	0	0.0569348	0	0	0.0569348	1	1
B248	0	0.0687992	0	0	0.0687992	1	1
B342	0	0.00323008	0	0	0.00323008	1	1
B654	0	0.0488308	0	0	0.0488308	1	1
B847	0	0.0842469	0	0	0.0842469	1	1
B382	0	0.0876812	0	0	0.0876812	1	1
B241	0	0.0887525	0	0	0.0887525	1	1
B849	0	0.0248835	0	0	0.0248835	1	1
B26	0	0.0573412	0	0	0.0573412	1	1
B732	0	0.00631866	0	0	0.00631866	1	1
B740	0	0.0798383	0	0	0.0798383	1	1
B254	0	0.0607062	0	0	0.0607062	1	1
B117	0	0.0655935	0	0	0.0655935	1	1
B180	0	0.0898269	0	0	0.0898269	1	1
B787	0	0.0989354	0	0	0.0989354	1	1
B765	0	0.0556266	0	0	0.0556266	1	1
B807	0	0.0078005	0	0	0.0078005	1	1
B854	0	0.0839241	0	0	0.0839241	1	1
B867	0	0.0813903	0	0	0.0813903	1	1
B869	0	0.0968816	0	0	0.0968816	1	1
B469	0	0.0784288	0	0	0.0784288	1	1
B790	0	0.019735	0	0	0.019735	1	1
B861	0	0.0418763	0	0	0.0418763	1	1
B741	0	0.0415959	0	0	0.0415959	1	1
B191	0	0.0358677	0	0	0.0358677	1	1
B856	0	0.0302728	0	0	0.0302728	1	1
B705	0	0.091002	0	0	0.091002	1	1
B410	0	0.0900923	0	0	0.0900923	1	1
B350	0	0.00902964	0	0	0.00902964	1	1
B855	0	0.0729537	0	0	0.0729537	1	1
B408	0	0.0728723	0	0	0.0728723	1	1
B169	0	0.0730563	0	0	0.0730563	1	1
B860	0	0.0601583	0	0	0.0601583	1	1
B510	0	0.0657856	0	0	0.0657856	1	1
B116	0	0.0146148	0	0	0.0146148	1	1
B606	0	0.0848658	0	0	0.0848658	1	1
B486	0	0.0189828	0	0	0.0189828	1	1
B859	0	0.0898757	0	0	0.0898757	1	1
B344	0	0.0457612	0	0	0.0457612	1	1
B12	0	0.0245171	0	0	0.0245171	1	1
B413	0	0.0365526	0	0	0.0365526	1	1
B742	0	0.0160318	0	0	0.0160318	1	1
B151	0	0.0398176	0	0	0.0398176	1	1
B868	0	0.0156937	0	0	0.0156937	1	1
B806	0	0.0995133	0	0	0.0995133	1	1
B597	0	0.0982957	0	0	0.0982957	1	1
B736	0	0.0168244	0	0	0.0168244	1	1
B915	0	0.0026911	0	0	0.0026911	1	1
B919	0	0.0997868	0	0	0.0997868	1	1
B921	0	0.0395696	0	0	0.0395696	1	1
B922	0	0.0350656	0	0	0.0350656	1	1
B389	0	0.0646608	0	0	0.0646608	1	1
B366	0	0.00646123	0	0	0.00646123	1	1
B444	0	0.0358775	0	0	0.0358775	1	1
B932	0	0.0375178	0	0	0.0375178	1	1
B225	0	0.0275029	0	0	0.0275029	1	1
B419	0	0.00736014	0	0	0.00736014	1	1
B527	0	0.0549747	0	0	0.0549747	1	1
B269	0	0.0279307	0	0	0.0279307	1	1
B159	0	0.0564629	0	0	0.0564629	1	1
B459	0	0.00649279	0	0	0.00649279	1	1
B353	0	0.0956077	0	0	0.0956077	1	1
B739	0	0.0964656	0	0	0.0964656	1	1
B442	0	0.0817619	0	0	0.0817619	1	1
B836	0	0.0322124	0	0	0.0322124	1	1
B172	0	0.0832779	0	0	0.0832779	1	1
B627	0	0.00326709	0	0	0.00326709	1	1
B675	0	0.0833209	0	0	0.0833209	1	1
B844	0	0.0705407	0	0	0.0705407	1	1
B128	0	0.0136024	0	0	0.0136024	1	1
B845	0	0.0672091	0	0	0.0672091	1	1
B467	0	0.0310339	0	0	0.0310339	1	1
B782	0	0.0143718	0	0	0.0143718	1	1
B520	0	0.0364797	0	0	0.0364797	1	1
B383	0	0.0602658	0	0	0.0602658	1	1
B623	0	0.0729493	0	0	0.0729493	1	1
B648	0	0.0704278	0	0	0.0704278	1	1
B840	0	0.047502	0	0	0.047502	1	1
B74	0	0.0483817	0	0	0.0483817	1	1
B324	0	0.0288764	0	0	0.0288764	1	1
B131	0	0.0871078	0	0	0.0871078	1	1
B189	0	0.0668951	0	0	0.0668951	1	1
B850	0	0.0154832	0	0	0.0154832	1	1
B265	0	0.0282454	0	0	0.0282454	1	1
B681	0	0.0444398	0	0	0.0444398	1	1
B863	0	0.00350298	0	0	0.00350298	1	1
B83	0	0.0352054	0	0	0.0352054	1	1
B192	0	0.0770288	0	0	0.0770288	1	1
B435	0	0.0439513	0	0	0.0439513	1	1
B865	0	0.0506131	0	0	0.0506131	1	1
B647	0	0.0420441	0	0	0.0420441	1	1
B866	0	0.0507494	0	0	0.0507494	1	1
B642	0	0.00469177	0	0	0.00469177	1	1
B834	0	0.0107776	0	0	0.0107776	1	1
B286	0	0.0910025	0	0	0.0910025	1	1
B294	0	0.0730772	0	0	0.0730772	1	1
B303	0	0.0025976	0	0	0.0025976	1	1
B838	0	0.0692668	0	0	0.0692668	1	1
B830	0	0.0318276	0	0	0.0318276	1	1
B731	0	0.0385585	0	0	0.0385585	1	1
B84	0	0.0271937	0	0	0.0271937	1	1
B958	0	0.0356702	0	0	0.0356702	1	1
B956	0	0.0925627	0	0	0.0925627	1	1
B249	0	0.0062645	0	0	0.0062645	1	1
B792	0	0.0232401	0	0	0.0232401	1	1
B960	0	0.00123124	0	0	0.00123124	1	1
B626	0	0.0665577	0	0	0.0665577	1	1
B959	0	0.0822733	0	0	0.0822733	1	1
B559	0	0.0657311	0	0	0.0657311	1	1
B649	0	0.00641239	0	0	0.00641239	1	1
B500	0	0.0156194	0	0	0.0156194	1	1
B851	0	0.0806226	0	0	0.0806226	1	1
B296	0	0.0435669	0	0	0.0435669	1	1
B716	0	0.0530397	0	0	0.0530397	1	1
B646	0	0.0486073	0	0	0.0486073	1	1
B775	0	0.0737903	0	0	0.0737903	1	1
B963	0	0.0399515	0	0	0.0399515	1	1
B964	0	0.0929642	0	0	0.0929642	1	1
B1	0	0.00871958	0	0	0.00871958	1	1
B125	0	0.0802279	0	0	0.0802279	1	1
B204	0	0.0368524	0	0	0.0368524	1	1
B957	0	0.0356719	0	0	0.0356719	1	1
B165	0	0.0809021	0	0	0.0809021	1	1
B270	0	0.0195307	0	0	0.0195307	1	1
B136	0	0.0791111	0	0	0.0791111	1	1
B961	0	0.056961	0	0	0.056961	1	1
B962	0	0.0418041	0	0	0.0418041	1	1
B965	0	0.0725331	0	0	0.0725331	1	1
B28	0	0.0837839	0	0	0.0837839	1	1
B783	0	0.0228835	0	0	0.0228835	1	1
B966	0	0.0751785	0	0	0.0751785	1	1
B475	0	0.0426982	0	0	0.0426982	1	1
B4	0	0.09012	0	0	0.09012	1	1
B577	0	0.0970086	0	0	0.0970086	1	1
B974	0	0.0998913	0	0	0.0998913	1	1
B605	0	0.0426883	0	0	0.0426883	1	1
B975	0	0.0343141	0	0	0.0343141	1	1
B660	0	0.0692419	0	0	0.0692419	1	1
B137	0	0.00282678	0	0	0.00282678	1	1
B343	0	0.0146418	0	0	0.0146418	1	1
B409	0	0.0764375	0	0	0.0764375	1	1
B933	0	0.0861937	0	0	0.0861937	1	1
B914	0	0.0915556	0	0	0.0915556	1	1
B916	0	0.0636173	0	0	0.0636173	1	1
B918	0	0.0689744	0	0	0.0689744	1	1
B222	0	0.0690471	0	0	0.0690471	1	1
B175	0	0.0395819	0	0	0.0395819	1	1
B931	0	0.0726606	0	0	0.0726606	1	1
B268	0	0.0544966	0	0	0.0544966	1	1
B238	0	0.086394	0	0	0.086394	1	1
B662	0	0.0190029	0	0	0.0190029	1	1
B920	0	0.0928422	0	0	0.0928422	1	1
B714	0	0.0382775	0	0	0.0382775	1	1
B923	0	0.0938577	0	0	0.0938577	1	1
B747	0	0.0588085	0	0	0.0588085	1	1
B924	0	0.0556978	0	0	0.0556978	1	1
B689	0	0.0360705	0	0	0.0360705	1	1
B306	0	0.0224942	0	0	0.0224942	1	1
B388	0	0.0758854	0	0	0.0758854	1	1
B201	0	0.0829359	0	0	0.0829359	1	1
B769	0	0.0414456	0	0	0.0414456	1	1
B917	0	0.0186454	0	0	0.0186454	1	1
B585	0	0.014372	0	0	0.014372	1	1
B936	0	0.0541691	0	0	0.0541691	1	1
B455	0	0.0266689	0	0	0.0266689	1	1
B33	0	0.0608906	0	0	0.0608906	1	1
B226	0	0.0954855	0	0	0.0954855	1	1
B953	0	0.0123129	0	0	0.0123129	1	1
B679	0	0.0605695	0	0	0.0605695	1	1
B955	0	0.0497512	0	0	0.0497512	1	1
B575	0	0.0902639	0	0	0.0902639	1	1
B504	0	0.0837452	0	0	0.0837452	1	1
B951	0	0.0339968	0	0	0.0339968	1	1
B640	0	0.00715025	0	0	0.00715025	1	1
B954	0	0.0175078	0	0	0.0175078	1	1
B198	0	0.00624516	0	0	0.00624516	1	1
B937	0	0.0621507	0	0	0.0621507	1	1
B734	0	0.0632677	0	0	0.0632677	1	1
B942	0	0.017026	0	0	0.017026	1	1
B55	0	0.0391199	0	0	0.0391199	1	1
B431	0	0.0799249	0	0	0.0799249	1	1
B941	0	0.0596473	0	0	0.0596473	1	1
B938	0	0.0984222	0	0	0.0984222	1	1
B939	0	0.0504167	0	0	0.0504167	1	1
B940	0	0.0875101	0	0	0.0875101	1	1
B943	0	0.0427444	0	0	0.0427444	1	1
B946	0	0.0308385	0	0	0.0308385	1	1
B947	0	0.0596235	0	0	0.0596235	1	1
B944	0	0.0163924	0	0	0.0163924	1	1
B596	0	0.0182655	0	0	0.0182655	1	1
B950	0	0.00246373	0	0	0.00246373	1	1
B164	0	0.0929375	0	0	0.0929375	1	1
B949	0	0.0667384	0	0	0.0667384	1	1
B952	0	0.0980039	0	0	0.0980039	1	1
B3	0	0.0107709	0	0	0.0107709	1	1
B341	0	0.00863157	0	0	0.00863157	1	1
B945	0	0.0422554	0	0	0.0422554	1	1
B948	0	0.0412887	0	0	0.0412887	1	1
B218	0	0.0265922	0	0	0.0265922	1	1
B857	0	0.0990913	0	0	0.0990913	1	1
B858	0	0.0924556	0	0	0.0924556	1	1
B673	0	0.0946692	0	0	0.0946692	1	1
B188	0	0.0361847	0	0	0.0361847	1	1
B829	0	0.0717578	0	0	0.0717578	1	1
B677	0	0.0367787	0	0	0.0367787	1	1
B835	0	0.0484577	0	0	0.0484577	1	1
B652	0	0.0329096	0	0	0.0329096	1	1
B841	0	0.0834675	0	0	0.0834675	1	1
B842	0	0.0532703	0	0	0.0532703	1	1
B831	0	0.00460996	0	0	0.00460996	1	1
B833	0	0.0495759	0	0	0.0495759	1	1
B832	0	0.0619428	0	0	0.0619428	1	1
B826	0	0.0474983	0	0	0.0474983	1	1
B824	0	0.00468497	0	0	0.00468497	1	1
B927	0	0.0653426	0	0	0.0653426	1	1
B926	0	0.0211614	0	0	0.0211614	1	1
B928	0	0.0781416	0	0	0.0781416	1	1
B929	0	0.00935602	0	0	0.00935602	1	1
B969	0	0.0453197	0	0	0.0453197	1	1
B970	0	0.0179922	0	0	0.0179922	1	1
B101	0	0.0334837	0	0	0.0334837	1	1
B930	0	0.0399819	0	0	0.0399819	1	1
B925	0	0.0427515	0	0	0.0427515	1	1
B825	0	0.00486618	0	0	0.00486618	1	1
