top-event	mission-time	probability
root	0	0.0129705
basic-event	occurrences	Pr	MIF	CIF	DIF	RAW	RRW
B6	14	0.080934	0.0408335	0.254795	0.315108	3.89339	1.34191
B15	14	0.0751653	6.88632e-05	0.000399069	0.0755343	1.00491	1.0004
B20	14	0.0234971	0.000220287	0.000399069	0.0238868	1.01658	1.0004
B19	14	0.0717721	7.21188e-05	0.000399069	0.0721425	1.00516	1.0004
B13	14	0.0824093	0.0408335	0.25944	0.320469	3.88875	1.35033
B14	14	0.0544175	0.0408335	0.171316	0.216411	3.97687	1.20673
B12	14	0.0997553	0.0408335	0.314048	0.382475	3.83414	1.45783
B17	6	0.0472516	3.42387e-07	1.24732e-06	0.0472528	1.00003	1
B18	6	0.0348374	4.64397e-07	1.24732e-06	0.0348386	1.00003	1
B24	6	0.0451154	3.58599e-07	1.24732e-06	0.0451166	1.00003	1
B23	6	0.0454746	3.55767e-07	1.24732e-06	0.0454758	1.00003	1
B28	2	0.0194171	1.37902e-07	2.06443e-07	0.0194173	1.00001	1
B4	2	0.09012	1.37902e-07	9.58156e-07	0.0901209	1.00001	1
B34	2	0.0924428	1.16062e-08	8.27196e-08	0.0924429	1	1
B33	2	0.0841627	1.27481e-08	8.27196e-08	0.0841628	1	1
B31	0	0.0420767	0	0	0.0420767	1	1
B32	0	0.034304	0	0	0.034304	1	1
B30	0	0.0695785	0	0	0.0695785	1	1
B44	0	0.0635492	0	0	0.0635492	1	1
B43	0	0.0807376	0	0	0.0807376	1	1
B52	0	0.0496938	0	0	0.0496938	1	1
B53	0	0.046011	0	0	0.046011	1	1
B51	0	0.056049	0	0	0.056049	1	1
B66	0	0.0480871	0	0	0.0480871	1	1
B65	0	0.0191688	0	0	0.0191688	1	1
B67	0	0.00267246	0	0	0.00267246	1	1
B69	0	0.0365526	0	0	0.0365526	1	1
B68	0	0.0900923	0	0	0.0900923	1	1
B73	0	0.0388264	0	0	0.0388264	1	1
B2	8	0.0407248	0.317643	0.997336	0.997445	24.4923	375.379
B82	0	0.0615269	0	0	0.0615269	1	1
B83	0	0.0103942	0	0	0.0103942	1	1
B90	0	0.0827679	0	0	0.0827679	1	1
B89	0	0.0454052	0	0	0.0454052	1	1
B92	0	0.0284224	0	0	0.0284224	1	1
B91	0	0.0808003	0	0	0.0808003	1	1
B78	0	0.0718344	0	0	0.0718344	1	1
B86	0	0.0529145	0	0	0.0529145	1	1
B88	0	0.0603911	0	0	0.0603911	1	1
B87	0	0.0991327	0	0	0.0991327	1	1
B80	0	0.0701309	0	0	0.0701309	1	1
B81	0	0.0978184	0	0	0.0978184	1	1
B79	0	0.0944835	0	0	0.0944835	1	1
B5	60	0.00381633	6.53891e-06	1.92395e-06	0.00381825	1.0005	1
B99	0	0.0970086	0	0	0.0970086	1	1
B98	0	0.0416264	0	0	0.0416264	1	1
B100	0	0.014372	0	0	0.014372	1	1
B42	0	0.0194065	0	0	0.0194065	1	1
B45	0	0.0493224	0	0	0.0493224	1	1
B1	5	0.00871958	6.66478e-08	4.48048e-08	0.00871962	1.00001	1
B59	0	0.0249684	0	0	0.0249684	1	1
B70	0	0.0361158	0	0	0.0361158	1	1
B75	0	0.023999	0	0	0.023999	1	1
B74	0	0.0904407	0	0	0.0904407	1	1
B76	0	0.0338225	0	0	0.0338225	1	1
B77	0	0.0497499	0	0	0.0497499	1	1
B85	0	0.0510112	0	0	0.0510112	1	1
B84	0	0.0782059	0	0	0.0782059	1	1
B63	0	0.0690235	0	0	0.0690235	1	1
B62	0	0.0876812	0	0	0.0876812	1	1
B61	0	0.0367751	0	0	0.0367751	1	1
B60	0	0.026327	0	0	0.026327	1	1
B95	0	0.0177211	0	0	0.0177211	1	1
B94	0	0.0490835	0	0	0.0490835	1	1
B93	0	0.0169191	0	0	0.0169191	1	1
B96	0	0.0763541	0	0	0.0763541	1	1
B97	0	0.0231737	0	0	0.0231737	1	1
B54	0	0.0353013	0	0	0.0353013	1	1
B57	0	0.0780513	0	0	0.0780513	1	1
B56	0	0.00948658	0	0	0.00948658	1	1
B55	0	0.0047245	0	0	0.0047245	1	1
B46	0	0.00418513	0	0	0.00418513	1	1
B58	0	0.0956077	0	0	0.0956077	1	1
B3	5	0.0107709	6.66478e-08	5.53454e-08	0.010771	1.00001	1
B64	0	0.0596334	0	0	0.0596334	1	1
B71	0	0.0799249	0	0	0.0799249	1	1
B72	0	0.0657951	0	0	0.0657951	1	1
B49	0	0.05155	0	0	0.05155	1	1
B48	0	0.0282555	0	0	0.0282555	1	1
B47	0	0.0698828	0	0	0.0698828	1	1
B50	0	0.0465901	0	0	0.0465901	1	1
B8	8	0.0596509	0.000578836	0.00266205	0.0621541	1.04197	1.00267
B9	8	0.0419502	0.000823073	0.00266205	0.0445006	1.0608	1.00267
B7	8	0.0434392	0.000794859	0.00266205	0.0459856	1.05862	1.00267
B10	60	0.0336923	7.40663e-07	1.92395e-06	0.0336941	1.00006	1
B11	60	0.00163181	1.52926e-05	1.92395e-06	0.00163373	1.00118	1
B16	5	0.0634272	6.66478e-08	3.25915e-07	0.0634275	1	1
B22	5	0.0629621	6.66478e-08	3.23525e-07	0.0629624	1	1
B21	5	0.0126479	6.66478e-08	6.499e-08	0.0126479	1.00001	1
B25	5	0.0104786	6.66478e-08	5.38436e-08	0.0104787	1.00001	1
B29	5	0.000597058	6.66478e-08	3.06793e-09	0.000597061	1.00001	1
B38	5	0.0690471	6.66478e-08	3.54793e-07	0.0690475	1	1
B37	5	0.0439227	6.66478e-08	2.25693e-07	0.0439229	1	1
B36	5	0.0324702	6.66478e-08	1.66845e-07	0.0324704	1	1
B35	0	0.0122336	0	0	0.0122336	1	1
B41	0	0.0288717	0	0	0.0288717	1	1
B40	0	0.0899584	0	0	0.0899584	1	1
B39	0	0.0220865	0	0	0.0220865	1	1
B27	5	0.0322064	6.66478e-08	1.6549e-07	0.0322066	1	1
B26	5	0.0271759	6.66478e-08	1.39641e-07	0.027176	1	1
