top-event	mission-time	probability
root	0	0
basic-event	occurrences	Pr	MIF	CIF	DIF	RAW	RRW
B53	0	0.0959205	0	0	0	0	0
B40	0	0.0716353	0	0	0	0	0
B56	0	0.0448488	0	0	0	0	0
B55	0	0.0842281	0	0	0	0	0
B57	0	0.0852107	0	0	0	0	0
B59	0	0.0509267	0	0	0	0	0
B58	0	0.0403952	0	0	0	0	0
B60	0	0.0982395	0	0	0	0	0
B61	0	0.0811998	0	0	0	0	0
B67	0	0.0846422	0	0	0	0	0
B72	0	0.0248293	0	0	0	0	0
B82	0	0.0142512	0	0	0	0	0
B81	0	0.0417706	0	0	0	0	0
B84	0	0.0802459	0	0	0	0	0
B83	0	0.0185371	0	0	0	0	0
B71	0	0.0995887	0	0	0	0	0
B78	0	0.0604437	0	0	0	0	0
B80	0	0.0514094	0	0	0	0	0
B79	0	0.054724	0	0	0	0	0
B87	0	0.0688135	0	0	0	0	0
B88	0	0.044856	0	0	0	0	0
B96	0	0.0264196	0	0	0	0	0
B97	0	0.0692269	0	0	0	0	0
B124	0	0.0879101	0	0	0	0	0
B125	0	0.0287191	0	0	0	0	0
B132	0	0.0341404	0	0	0	0	0
B26	0	0.0616067	0	0	0	0	0
B142	0	0.0548963	0	0	0	0	0
B143	0	0.0464646	0	0	0	0	0
B144	0	0.0813621	0	0	0	0	0
B17	0	0.0162889	0	0	0	0	0
B122	0	0.0499954	0	0	0	0	0
B123	0	0.0358356	0	0	0	0	0
B66	0	0.0383956	0	0	0	0	0
B64	0	0.0626161	0	0	0	0	0
B65	0	0.0514685	0	0	0	0	0
B69	0	0.0953909	0	0	0	0	0
B70	0	0.0930724	0	0	0	0	0
B74	0	0.0728943	0	0	0	0	0
B75	0	0.0354293	0	0	0	0	0
B76	0	0.0563946	0	0	0	0	0
B77	0	0.0519306	0	0	0	0	0
B13	0	0.0101503	0	0	0	0	0
B62	0	0.0537508	0	0	0	0	0
B63	0	0.0551132	0	0	0	0	0
B49	0	0.0263318	0	0	0	0	0
B20	0	0.0914859	0	0	0	0	0
B68	0	0.0616177	0	0	0	0	0
B73	0	0.0137658	0	0	0	0	0
B85	0	0.0171896	0	0	0	0	0
B86	0	0.0500246	0	0	0	0	0
B32	0	0.0286176	0	0	0	0	0
B113	0	0.0674082	0	0	0	0	0
B114	0	0.0982269	0	0	0	0	0
B121	0	0.0399098	0	0	0	0	0
B129	0	0.0592942	0	0	0	0	0
B130	0	0.0943573	0	0	0	0	0
B131	0	0.0629116	0	0	0	0	0
B141	0	0.0906543	0	0	0	0	0
B139	0	0.0990418	0	0	0	0	0
B140	0	0.0277608	0	0	0	0	0
B146	0	0.0784598	0	0	0	0	0
B147	0	0.0400727	0	0	0	0	0
B156	0	0.0687076	0	0	0	0	0
B154	0	0.0994017	0	0	0	0	0
B155	0	0.0791097	0	0	0	0	0
B984	0	0.0368022	0	0	0	0	0
B986	0	0.0642661	0	0	0	0	0
B985	0	0.0406229	0	0	0	0	0
B987	0	0.0281139	0	0	0	0	0
B991	0	0.073706	0	0	0	0	0
B992	0	0.0454909	0	0	0	0	0
B993	0	0.052021	0	0	0	0	0
B1000	0	0.0319768	0	0	0	0	0
B999	0	0.057468	0	0	0	0	0
B35	0	0.0828405	0	0	0	0	0
B329	0	0.0756609	0	0	0	0	0
B330	0	0.0552463	0	0	0	0	0
B331	0	0.027428	0	0	0	0	0
B377	0	0.0223644	0	0	0	0	0
B378	0	0.0188047	0	0	0	0	0
B408	0	0.0262478	0	0	0	0	0
B407	0	0.0192917	0	0	0	0	0
B406	0	0.0586292	0	0	0	0	0
B988	0	0.0125508	0	0	0	0	0
B989	0	0.0896504	0	0	0	0	0
B994	0	0.0448147	0	0	0	0	0
B14	0	0.0492648	0	0	0	0	0
B8	0	0.0866878	0	0	0	0	0
B343	0	0.0829941	0	0	0	0	0
B344	0	0.0417164	0	0	0	0	0
B46	0	0.0437069	0	0	0	0	0
B3	0	0.019693	0	0	0	0	0
B29	0	0.0791915	0	0	0	0	0
B45	0	0.0701623	0	0	0	0	0
B990	0	0.047723	0	0	0	0	0
B24	0	0.0119112	0	0	0	0	0
B998	0	0.0631757	0	0	0	0	0
B997	0	0.0585444	0	0	0	0	0
B19	0	0.050349	0	0	0	0	0
B314	0	0.0517216	0	0	0	0	0
B315	0	0.0526328	0	0	0	0	0
B352	0	0.0129099	0	0	0	0	0
B351	0	0.0613521	0	0	0	0	0
B355	0	0.0206184	0	0	0	0	0
B353	0	0.0179451	0	0	0	0	0
B354	0	0.0598431	0	0	0	0	0
B995	0	0.0576636	0	0	0	0	0
B996	0	0.0459481	0	0	0	0	0
B28	0	0.0854054	0	0	0	0	0
B284	0	0.0439569	0	0	0	0	0
B282	0	0.0105334	0	0	0	0	0
B283	0	0.0539219	0	0	0	0	0
B95	0	0.0547745	0	0	0	0	0
B94	0	0.0404396	0	0	0	0	0
B110	0	0.0688624	0	0	0	0	0
B111	0	0.0701746	0	0	0	0	0
B112	0	0.0988435	0	0	0	0	0
B109	0	0.0794252	0	0	0	0	0
B6	0	0.0582582	0	0	0	0	0
B89	0	0.0819323	0	0	0	0	0
B90	0	0.0692153	0	0	0	0	0
B91	0	0.0449432	0	0	0	0	0
B99	0	0.068703	0	0	0	0	0
B98	0	0.0850148	0	0	0	0	0
B118	0	0.0815533	0	0	0	0	0
B127	0	0.0577353	0	0	0	0	0
B134	0	0.0185053	0	0	0	0	0
B145	0	0.046905	0	0	0	0	0
B25	0	0.0920035	0	0	0	0	0
B149	0	0.0435472	0	0	0	0	0
B148	0	0.020472	0	0	0	0	0
B150	0	0.0574346	0	0	0	0	0
B157	0	0.0638026	0	0	0	0	0
B159	0	0.0724603	0	0	0	0	0
B51	0	0.0922281	0	0	0	0	0
B158	0	0.0317758	0	0	0	0	0
B161	0	0.0659645	0	0	0	0	0
B162	0	0.0218137	0	0	0	0	0
B151	0	0.0505189	0	0	0	0	0
B152	0	0.0261495	0	0	0	0	0
B153	0	0.0507805	0	0	0	0	0
B42	0	0.0699992	0	0	0	0	0
B160	0	0.0917689	0	0	0	0	0
B163	0	0.0663918	0	0	0	0	0
B47	0	0.0128657	0	0	0	0	0
B23	0	0.0811065	0	0	0	0	0
B165	0	0.0322537	0	0	0	0	0
B164	0	0.0877924	0	0	0	0	0
B172	0	0.0395685	0	0	0	0	0
B173	0	0.0773802	0	0	0	0	0
B178	0	0.095738	0	0	0	0	0
B183	0	0.0505998	0	0	0	0	0
B184	0	0.0225909	0	0	0	0	0
B9	0	0.0243696	0	0	0	0	0
B201	0	0.0382213	0	0	0	0	0
B200	0	0.0511305	0	0	0	0	0
B236	0	0.0598975	0	0	0	0	0
B237	0	0.0465634	0	0	0	0	0
B238	0	0.0570842	0	0	0	0	0
B234	0	0.0676508	0	0	0	0	0
B235	0	0.0443583	0	0	0	0	0
B265	0	0.0881476	0	0	0	0	0
B266	0	0.0776979	0	0	0	0	0
B293	0	0.0573406	0	0	0	0	0
B292	0	0.0677204	0	0	0	0	0
B4	0	0.0911079	0	0	0	0	0
B372	0	0.0173201	0	0	0	0	0
B402	0	0.0358986	0	0	0	0	0
B401	0	0.0178869	0	0	0	0	0
B371	0	0.0325691	0	0	0	0	0
B368	0	0.0885389	0	0	0	0	0
B370	0	0.0159265	0	0	0	0	0
B369	0	0.0133658	0	0	0	0	0
B373	0	0.0342909	0	0	0	0	0
B404	0	0.0280272	0	0	0	0	0
B403	0	0.0626969	0	0	0	0	0
B427	0	0.0609659	0	0	0	0	0
B445	0	0.0583475	0	0	0	0	0
B444	0	0.0228251	0	0	0	0	0
B479	0	0.0987615	0	0	0	0	0
B231	0	0.0697787	0	0	0	0	0
B33	0	0.0648012	0	0	0	0	0
B253	0	0.0744147	0	0	0	0	0
B288	0	0.0932496	0	0	0	0	0
B789	0	0.0245265	0	0	0	0	0
B788	0	0.0637017	0	0	0	0	0
B791	0	0.053223	0	0	0	0	0
B790	0	0.0128818	0	0	0	0	0
B262	0	0.0736619	0	0	0	0	0
B263	0	0.0966823	0	0	0	0	0
B264	0	0.0651804	0	0	0	0	0
B261	0	0.0971576	0	0	0	0	0
B259	0	0.097353	0	0	0	0	0
B260	0	0.0685742	0	0	0	0	0
B214	0	0.086823	0	0	0	0	0
B215	0	0.0989062	0	0	0	0	0
B232	0	0.0158366	0	0	0	0	0
B254	0	0.0546789	0	0	0	0	0
B255	0	0.0527853	0	0	0	0	0
B317	0	0.0363497	0	0	0	0	0
B363	0	0.0458146	0	0	0	0	0
B362	0	0.017757	0	0	0	0	0
B319	0	0.0445833	0	0	0	0	0
B320	0	0.0873575	0	0	0	0	0
B318	0	0.0589291	0	0	0	0	0
B364	0	0.0555543	0	0	0	0	0
B399	0	0.0291168	0	0	0	0	0
B425	0	0.0527388	0	0	0	0	0
B424	0	0.0944033	0	0	0	0	0
B440	0	0.0314122	0	0	0	0	0
B469	0	0.0846387	0	0	0	0	0
B468	0	0.0996295	0	0	0	0	0
B501	0	0.0108728	0	0	0	0	0
B529	0	0.0869471	0	0	0	0	0
B564	0	0.0522612	0	0	0	0	0
B563	0	0.0135488	0	0	0	0	0
B565	0	0.0564092	0	0	0	0	0
B566	0	0.0344639	0	0	0	0	0
B591	0	0.0790789	0	0	0	0	0
B592	0	0.0811934	0	0	0	0	0
B610	0	0.0627745	0	0	0	0	0
B609	0	0.0387074	0	0	0	0	0
B608	0	0.0564963	0	0	0	0	0
B607	0	0.0976577	0	0	0	0	0
B638	0	0.0607708	0	0	0	0	0
B639	0	0.0107876	0	0	0	0	0
B672	0	0.0488186	0	0	0	0	0
B671	0	0.0266192	0	0	0	0	0
B673	0	0.0634543	0	0	0	0	0
B668	0	0.016295	0	0	0	0	0
B667	0	0.0482375	0	0	0	0	0
B670	0	0.0280264	0	0	0	0	0
B669	0	0.0981891	0	0	0	0	0
B641	0	0.0611253	0	0	0	0	0
B11	0	0.0400417	0	0	0	0	0
B640	0	0.0371807	0	0	0	0	0
B312	0	0.0139316	0	0	0	0	0
B345	0	0.0210063	0	0	0	0	0
B346	0	0.0463322	0	0	0	0	0
B387	0	0.0324161	0	0	0	0	0
B386	0	0.0608735	0	0	0	0	0
B347	0	0.0386442	0	0	0	0	0
B348	0	0.0250957	0	0	0	0	0
B388	0	0.0686048	0	0	0	0	0
B389	0	0.063524	0	0	0	0	0
B637	0	0.0104144	0	0	0	0	0
B636	0	0.0885621	0	0	0	0	0
B635	0	0.0286154	0	0	0	0	0
B666	0	0.032286	0	0	0	0	0
B689	0	0.0336659	0	0	0	0	0
B690	0	0.045281	0	0	0	0	0
B709	0	0.0883777	0	0	0	0	0
B726	0	0.0312621	0	0	0	0	0
B725	0	0.045257	0	0	0	0	0
B733	0	0.0286029	0	0	0	0	0
B734	0	0.0612288	0	0	0	0	0
B10	0	0.0403495	0	0	0	0	0
B711	0	0.0397851	0	0	0	0	0
B710	0	0.056871	0	0	0	0	0
B797	0	0.0709775	0	0	0	0	0
B796	0	0.0398403	0	0	0	0	0
B798	0	0.0356575	0	0	0	0	0
B799	0	0.0928771	0	0	0	0	0
B50	0	0.0838171	0	0	0	0	0
B801	0	0.0591627	0	0	0	0	0
B802	0	0.0741458	0	0	0	0	0
B808	0	0.0504112	0	0	0	0	0
B807	0	0.0843199	0	0	0	0	0
B813	0	0.087693	0	0	0	0	0
B814	0	0.0195108	0	0	0	0	0
B812	0	0.037648	0	0	0	0	0
B825	0	0.095358	0	0	0	0	0
B826	0	0.0795794	0	0	0	0	0
B824	0	0.0676319	0	0	0	0	0
B837	0	0.0148452	0	0	0	0	0
B18	0	0.0383913	0	0	0	0	0
B840	0	0.088541	0	0	0	0	0
B839	0	0.0112918	0	0	0	0	0
B845	0	0.0113259	0	0	0	0	0
B844	0	0.0293663	0	0	0	0	0
B847	0	0.099545	0	0	0	0	0
B852	0	0.0649981	0	0	0	0	0
B851	0	0.0207391	0	0	0	0	0
B858	0	0.0704493	0	0	0	0	0
B857	0	0.0607011	0	0	0	0	0
B859	0	0.0257532	0	0	0	0	0
B860	0	0.0222772	0	0	0	0	0
B861	0	0.0122584	0	0	0	0	0
B864	0	0.0358065	0	0	0	0	0
B52	0	0.0692267	0	0	0	0	0
B867	0	0.0612855	0	0	0	0	0
B41	0	0.0674518	0	0	0	0	0
B862	0	0.0824209	0	0	0	0	0
B863	0	0.0938805	0	0	0	0	0
B865	0	0.0707966	0	0	0	0	0
B36	0	0.0383737	0	0	0	0	0
B866	0	0.0720073	0	0	0	0	0
B868	0	0.0670273	0	0	0	0	0
B869	0	0.0260817	0	0	0	0	0
B870	0	0.0993021	0	0	0	0	0
B876	0	0.0761027	0	0	0	0	0
B877	0	0.0708688	0	0	0	0	0
B879	0	0.0633461	0	0	0	0	0
B878	0	0.0450844	0	0	0	0	0
B884	0	0.0414157	0	0	0	0	0
B883	0	0.0428874	0	0	0	0	0
B880	0	0.0343501	0	0	0	0	0
B881	0	0.0959567	0	0	0	0	0
B882	0	0.0406799	0	0	0	0	0
B887	0	0.0335873	0	0	0	0	0
B886	0	0.0990516	0	0	0	0	0
B885	0	0.0393723	0	0	0	0	0
B888	0	0.0556505	0	0	0	0	0
B889	0	0.0333796	0	0	0	0	0
B894	0	0.0253952	0	0	0	0	0
B893	0	0.0415924	0	0	0	0	0
B897	0	0.0699688	0	0	0	0	0
B898	0	0.0976302	0	0	0	0	0
B900	0	0.0192083	0	0	0	0	0
B899	0	0.046899	0	0	0	0	0
B901	0	0.0674143	0	0	0	0	0
B902	0	0.0885572	0	0	0	0	0
B904	0	0.027888	0	0	0	0	0
B903	0	0.0369619	0	0	0	0	0
B906	0	0.0976599	0	0	0	0	0
B909	0	0.0735382	0	0	0	0	0
B908	0	0.0593848	0	0	0	0	0
B907	0	0.0572007	0	0	0	0	0
B910	0	0.0603397	0	0	0	0	0
B911	0	0.0162	0	0	0	0	0
B919	0	0.0681855	0	0	0	0	0
B918	0	0.0384588	0	0	0	0	0
B921	0	0.0983656	0	0	0	0	0
B920	0	0.0372626	0	0	0	0	0
B924	0	0.0932856	0	0	0	0	0
B923	0	0.0252732	0	0	0	0	0
B925	0	0.0875511	0	0	0	0	0
B926	0	0.0413657	0	0	0	0	0
B934	0	0.0785719	0	0	0	0	0
B940	0	0.0507732	0	0	0	0	0
B942	0	0.0847312	0	0	0	0	0
B941	0	0.011327	0	0	0	0	0
B948	0	0.0677202	0	0	0	0	0
B947	0	0.0498106	0	0	0	0	0
B953	0	0.0312314	0	0	0	0	0
B952	0	0.079136	0	0	0	0	0
B938	0	0.0428386	0	0	0	0	0
B937	0	0.0690354	0	0	0	0	0
B939	0	0.0402726	0	0	0	0	0
B932	0	0.0480135	0	0	0	0	0
B933	0	0.0399456	0	0	0	0	0
B905	0	0.0575194	0	0	0	0	0
B916	0	0.0617789	0	0	0	0	0
B917	0	0.015669	0	0	0	0	0
B922	0	0.0777749	0	0	0	0	0
B927	0	0.0782142	0	0	0	0	0
B928	0	0.0900526	0	0	0	0	0
B943	0	0.0483913	0	0	0	0	0
B30	0	0.0409116	0	0	0	0	0
B16	0	0.063784	0	0	0	0	0
B950	0	0.0573269	0	0	0	0	0
B949	0	0.0686251	0	0	0	0	0
B956	0	0.0281572	0	0	0	0	0
B955	0	0.0729084	0	0	0	0	0
B954	0	0.0326121	0	0	0	0	0
B959	0	0.0539271	0	0	0	0	0
B958	0	0.0331578	0	0	0	0	0
B945	0	0.0862901	0	0	0	0	0
B944	0	0.0218156	0	0	0	0	0
B946	0	0.0953181	0	0	0	0	0
B951	0	0.0874701	0	0	0	0	0
B957	0	0.0287598	0	0	0	0	0
B960	0	0.0582211	0	0	0	0	0
B961	0	0.0801544	0	0	0	0	0
B967	0	0.0922764	0	0	0	0	0
B971	0	0.0807164	0	0	0	0	0
B976	0	0.0904488	0	0	0	0	0
B978	0	0.0832172	0	0	0	0	0
B977	0	0.0450474	0	0	0	0	0
B968	0	0.0882459	0	0	0	0	0
B974	0	0.0468604	0	0	0	0	0
B975	0	0.0788136	0	0	0	0	0
B973	0	0.0570955	0	0	0	0	0
B972	0	0.0673687	0	0	0	0	0
B964	0	0.0575422	0	0	0	0	0
B963	0	0.0647923	0	0	0	0	0
B962	0	0.0525884	0	0	0	0	0
B965	0	0.0139607	0	0	0	0	0
B966	0	0.0420885	0	0	0	0	0
B969	0	0.0997167	0	0	0	0	0
B970	0	0.0179032	0	0	0	0	0
B457	0	0.0856391	0	0	0	0	0
B456	0	0.061238	0	0	0	0	0
B493	0	0.0113978	0	0	0	0	0
B491	0	0.0755916	0	0	0	0	0
B492	0	0.0763628	0	0	0	0	0
B489	0	0.0214024	0	0	0	0	0
B490	0	0.0360907	0	0	0	0	0
B560	0	0.0987043	0	0	0	0	0
B561	0	0.0762729	0	0	0	0	0
B585	0	0.0929049	0	0	0	0	0
B622	0	0.0847116	0	0	0	0	0
B22	0	0.0227958	0	0	0	0	0
B654	0	0.051973	0	0	0	0	0
B653	0	0.0385926	0	0	0	0	0
B652	0	0.035254	0	0	0	0	0
B625	0	0.0366896	0	0	0	0	0
B623	0	0.0113267	0	0	0	0	0
B624	0	0.0198909	0	0	0	0	0
B656	0	0.0677845	0	0	0	0	0
B655	0	0.0832511	0	0	0	0	0
B677	0	0.029212	0	0	0	0	0
B676	0	0.0248163	0	0	0	0	0
B185	0	0.073763	0	0	0	0	0
B189	0	0.051813	0	0	0	0	0
B191	0	0.0895588	0	0	0	0	0
B190	0	0.0378424	0	0	0	0	0
B204	0	0.0228172	0	0	0	0	0
B205	0	0.0771031	0	0	0	0	0
B196	0	0.0752909	0	0	0	0	0
B195	0	0.0889987	0	0	0	0	0
B197	0	0.0704016	0	0	0	0	0
B207	0	0.0838502	0	0	0	0	0
B208	0	0.0560622	0	0	0	0	0
B192	0	0.0800063	0	0	0	0	0
B193	0	0.0164755	0	0	0	0	0
B194	0	0.0500952	0	0	0	0	0
B206	0	0.0105791	0	0	0	0	0
B221	0	0.0429066	0	0	0	0	0
B222	0	0.0594959	0	0	0	0	0
B220	0	0.0356204	0	0	0	0	0
B219	0	0.0469196	0	0	0	0	0
B247	0	0.0307602	0	0	0	0	0
B246	0	0.0705372	0	0	0	0	0
B278	0	0.0443214	0	0	0	0	0
B309	0	0.0110665	0	0	0	0	0
B310	0	0.093866	0	0	0	0	0
B311	0	0.0933152	0	0	0	0	0
B244	0	0.0441029	0	0	0	0	0
B245	0	0.0291317	0	0	0	0	0
B275	0	0.0641343	0	0	0	0	0
B276	0	0.0386091	0	0	0	0	0
B304	0	0.0321353	0	0	0	0	0
B306	0	0.0646438	0	0	0	0	0
B305	0	0.0193192	0	0	0	0	0
B337	0	0.0407342	0	0	0	0	0
B15	0	0.0178852	0	0	0	0	0
B980	0	0.0403688	0	0	0	0	0
B979	0	0.0998848	0	0	0	0	0
B983	0	0.0242195	0	0	0	0	0
B982	0	0.0931366	0	0	0	0	0
B981	0	0.0668284	0	0	0	0	0
B383	0	0.0505451	0	0	0	0	0
B384	0	0.0330962	0	0	0	0	0
B382	0	0.0516505	0	0	0	0	0
B414	0	0.051533	0	0	0	0	0
B413	0	0.0889214	0	0	0	0	0
B307	0	0.0460296	0	0	0	0	0
B308	0	0.0425825	0	0	0	0	0
B338	0	0.0133621	0	0	0	0	0
B339	0	0.043077	0	0	0	0	0
B340	0	0.0168368	0	0	0	0	0
B341	0	0.0494645	0	0	0	0	0
B342	0	0.0545688	0	0	0	0	0
B385	0	0.030001	0	0	0	0	0
B1	0	0.0178468	0	0	0	0	0
B416	0	0.0919033	0	0	0	0	0
B417	0	0.0114554	0	0	0	0	0
B415	0	0.0640351	0	0	0	0	0
B449	0	0.0444047	0	0	0	0	0
B450	0	0.0860263	0	0	0	0	0
B483	0	0.0697949	0	0	0	0	0
B482	0	0.0947402	0	0	0	0	0
B520	0	0.0799733	0	0	0	0	0
B521	0	0.0335701	0	0	0	0	0
B554	0	0.0647517	0	0	0	0	0
B552	0	0.0102842	0	0	0	0	0
B553	0	0.0167646	0	0	0	0	0
B580	0	0.0527792	0	0	0	0	0
B583	0	0.0372449	0	0	0	0	0
B582	0	0.0765638	0	0	0	0	0
B581	0	0.0239632	0	0	0	0	0
B518	0	0.0133942	0	0	0	0	0
B517	0	0.0396104	0	0	0	0	0
B519	0	0.0173089	0	0	0	0	0
B549	0	0.0448329	0	0	0	0	0
B548	0	0.0425865	0	0	0	0	0
B551	0	0.0721672	0	0	0	0	0
B550	0	0.0334415	0	0	0	0	0
B516	0	0.0451608	0	0	0	0	0
B546	0	0.0489574	0	0	0	0	0
B545	0	0.0874206	0	0	0	0	0
B544	0	0.0714069	0	0	0	0	0
B547	0	0.0921353	0	0	0	0	0
B579	0	0.0408949	0	0	0	0	0
B27	0	0.033879	0	0	0	0	0
B597	0	0.0539729	0	0	0	0	0
B596	0	0.0647348	0	0	0	0	0
B453	0	0.0580268	0	0	0	0	0
B452	0	0.014813	0	0	0	0	0
B451	0	0.0466966	0	0	0	0	0
B485	0	0.0734864	0	0	0	0	0
B484	0	0.0754522	0	0	0	0	0
B486	0	0.0154049	0	0	0	0	0
B37	0	0.0458414	0	0	0	0	0
B7	0	0.0398978	0	0	0	0	0
B277	0	0.0322318	0	0	0	0	0
B224	0	0.0561082	0	0	0	0	0
B223	0	0.0260417	0	0	0	0	0
B248	0	0.038826	0	0	0	0	0
B249	0	0.040587	0	0	0	0	0
B280	0	0.0747504	0	0	0	0	0
B281	0	0.0740349	0	0	0	0	0
B279	0	0.0986355	0	0	0	0	0
B621	0	0.0945015	0	0	0	0	0
B620	0	0.0525929	0	0	0	0	0
B619	0	0.0398532	0	0	0	0	0
B258	0	0.0394806	0	0	0	0	0
B324	0	0.0631415	0	0	0	0	0
B323	0	0.0359054	0	0	0	0	0
B366	0	0.059027	0	0	0	0	0
B367	0	0.0696956	0	0	0	0	0
B326	0	0.0589731	0	0	0	0	0
B327	0	0.0160249	0	0	0	0	0
B325	0	0.0120397	0	0	0	0	0
B586	0	0.0434576	0	0	0	0	0
B587	0	0.0529411	0	0	0	0	0
B601	0	0.0212931	0	0	0	0	0
B600	0	0.0701349	0	0	0	0	0
B562	0	0.0237634	0	0	0	0	0
B588	0	0.021685	0	0	0	0	0
B626	0	0.0945293	0	0	0	0	0
B335	0	0.0437337	0	0	0	0	0
B336	0	0.0590368	0	0	0	0	0
B381	0	0.0798144	0	0	0	0	0
B409	0	0.071451	0	0	0	0	0
B411	0	0.0303403	0	0	0	0	0
B410	0	0.0567521	0	0	0	0	0
B412	0	0.0204149	0	0	0	0	0
B431	0	0.0613525	0	0	0	0	0
B446	0	0.08819	0	0	0	0	0
B447	0	0.0527513	0	0	0	0	0
B448	0	0.0981304	0	0	0	0	0
B481	0	0.036	0	0	0	0	0
B480	0	0.0933847	0	0	0	0	0
B515	0	0.0262915	0	0	0	0	0
B542	0	0.0852479	0	0	0	0	0
B543	0	0.0741661	0	0	0	0	0
B578	0	0.0941324	0	0	0	0	0
B577	0	0.0426792	0	0	0	0	0
B540	0	0.0318399	0	0	0	0	0
B541	0	0.0438718	0	0	0	0	0
B576	0	0.0731369	0	0	0	0	0
B575	0	0.0912291	0	0	0	0	0
B514	0	0.0135978	0	0	0	0	0
B539	0	0.0184449	0	0	0	0	0
B537	0	0.0906209	0	0	0	0	0
B538	0	0.0205889	0	0	0	0	0
B574	0	0.0608901	0	0	0	0	0
B573	0	0.067016	0	0	0	0	0
B31	0	0.0821347	0	0	0	0	0
B657	0	0.0870085	0	0	0	0	0
B678	0	0.0810102	0	0	0	0	0
B679	0	0.0583215	0	0	0	0	0
B693	0	0.0404449	0	0	0	0	0
B695	0	0.0545605	0	0	0	0	0
B694	0	0.0653991	0	0	0	0	0
B659	0	0.0784549	0	0	0	0	0
B658	0	0.0815308	0	0	0	0	0
B680	0	0.0886146	0	0	0	0	0
B696	0	0.090649	0	0	0	0	0
B712	0	0.0685271	0	0	0	0	0
B713	0	0.0726178	0	0	0	0	0
B34	0	0.0574367	0	0	0	0	0
B736	0	0.0691812	0	0	0	0	0
B735	0	0.0920802	0	0	0	0	0
B739	0	0.028551	0	0	0	0	0
B738	0	0.0816616	0	0	0	0	0
B737	0	0.0363788	0	0	0	0	0
B752	0	0.05589	0	0	0	0	0
B750	0	0.064446	0	0	0	0	0
B751	0	0.0792976	0	0	0	0	0
B770	0	0.0225729	0	0	0	0	0
B769	0	0.089604	0	0	0	0	0
B740	0	0.0995799	0	0	0	0	0
B741	0	0.0691972	0	0	0	0	0
B754	0	0.0618133	0	0	0	0	0
B753	0	0.0887422	0	0	0	0	0
B714	0	0.0549562	0	0	0	0	0
B44	0	0.0537523	0	0	0	0	0
B715	0	0.0319296	0	0	0	0	0
B727	0	0.073705	0	0	0	0	0
B21	0	0.0183488	0	0	0	0	0
B742	0	0.0922383	0	0	0	0	0
B2	0	0.0466518	0	0	0	0	0
B772	0	0.0400705	0	0	0	0	0
B771	0	0.0614299	0	0	0	0	0
B779	0	0.0336608	0	0	0	0	0
B785	0	0.0753582	0	0	0	0	0
B784	0	0.0790333	0	0	0	0	0
B628	0	0.0561124	0	0	0	0	0
B627	0	0.0662329	0	0	0	0	0
B629	0	0.01631	0	0	0	0	0
B930	0	0.0645541	0	0	0	0	0
B929	0	0.0522329	0	0	0	0	0
B931	0	0.0231927	0	0	0	0	0
B936	0	0.0636084	0	0	0	0	0
B935	0	0.0475241	0	0	0	0	0
B912	0	0.0586068	0	0	0	0	0
B915	0	0.0110528	0	0	0	0	0
B914	0	0.05711	0	0	0	0	0
B913	0	0.0541218	0	0	0	0	0
B892	0	0.0325204	0	0	0	0	0
B890	0	0.0432783	0	0	0	0	0
B891	0	0.0506165	0	0	0	0	0
B896	0	0.0129971	0	0	0	0	0
B895	0	0.0164044	0	0	0	0	0
B871	0	0.0762907	0	0	0	0	0
B872	0	0.0253453	0	0	0	0	0
B875	0	0.016945	0	0	0	0	0
B874	0	0.0895783	0	0	0	0	0
B873	0	0.0575847	0	0	0	0	0
B838	0	0.0597925	0	0	0	0	0
B842	0	0.0707754	0	0	0	0	0
B841	0	0.0139975	0	0	0	0	0
B846	0	0.0469529	0	0	0	0	0
B850	0	0.0103818	0	0	0	0	0
B849	0	0.0387162	0	0	0	0	0
B848	0	0.0691729	0	0	0	0	0
B853	0	0.0450033	0	0	0	0	0
B856	0	0.0368663	0	0	0	0	0
B855	0	0.0546248	0	0	0	0	0
B854	0	0.0350746	0	0	0	0	0
B843	0	0.0754233	0	0	0	0	0
B816	0	0.0610254	0	0	0	0	0
B815	0	0.073726	0	0	0	0	0
B817	0	0.0131689	0	0	0	0	0
B818	0	0.0838804	0	0	0	0	0
B810	0	0.0533978	0	0	0	0	0
B809	0	0.0774669	0	0	0	0	0
B800	0	0.0588139	0	0	0	0	0
B805	0	0.0170053	0	0	0	0	0
B804	0	0.058553	0	0	0	0	0
B803	0	0.046737	0	0	0	0	0
B806	0	0.0826399	0	0	0	0	0
B811	0	0.022233	0	0	0	0	0
B820	0	0.0857124	0	0	0	0	0
B819	0	0.0192621	0	0	0	0	0
B827	0	0.0759529	0	0	0	0	0
B830	0	0.0947176	0	0	0	0	0
B829	0	0.0904248	0	0	0	0	0
B828	0	0.0233474	0	0	0	0	0
B833	0	0.0829703	0	0	0	0	0
B832	0	0.064263	0	0	0	0	0
B831	0	0.0464387	0	0	0	0	0
B823	0	0.0710395	0	0	0	0	0
B821	0	0.0695601	0	0	0	0	0
B822	0	0.081911	0	0	0	0	0
B835	0	0.0622093	0	0	0	0	0
B834	0	0.0485345	0	0	0	0	0
B836	0	0.0666062	0	0	0	0	0
B589	0	0.0701554	0	0	0	0	0
B590	0	0.097965	0	0	0	0	0
B604	0	0.0971506	0	0	0	0	0
B602	0	0.0414413	0	0	0	0	0
B603	0	0.0949025	0	0	0	0	0
B630	0	0.0747649	0	0	0	0	0
B661	0	0.0359115	0	0	0	0	0
B660	0	0.0669094	0	0	0	0	0
B685	0	0.0756976	0	0	0	0	0
B684	0	0.09046	0	0	0	0	0
B683	0	0.0746413	0	0	0	0	0
B698	0	0.0577933	0	0	0	0	0
B720	0	0.0483392	0	0	0	0	0
B719	0	0.0303539	0	0	0	0	0
B718	0	0.0287849	0	0	0	0	0
B730	0	0.0942855	0	0	0	0	0
B732	0	0.0866553	0	0	0	0	0
B731	0	0.0876342	0	0	0	0	0
B722	0	0.0881708	0	0	0	0	0
B721	0	0.0440012	0	0	0	0	0
B12	0	0.0320647	0	0	0	0	0
B749	0	0.0106176	0	0	0	0	0
B748	0	0.0705828	0	0	0	0	0
B762	0	0.0394798	0	0	0	0	0
B761	0	0.037467	0	0	0	0	0
B241	0	0.0886679	0	0	0	0	0
B242	0	0.0751701	0	0	0	0	0
B243	0	0.0933726	0	0	0	0	0
B270	0	0.0968072	0	0	0	0	0
B298	0	0.0228276	0	0	0	0	0
B297	0	0.041851	0	0	0	0	0
B333	0	0.0803759	0	0	0	0	0
B332	0	0.0143339	0	0	0	0	0
B334	0	0.0590723	0	0	0	0	0
B380	0	0.0749841	0	0	0	0	0
B379	0	0.0522208	0	0	0	0	0
B765	0	0.0265996	0	0	0	0	0
B764	0	0.0368602	0	0	0	0	0
B763	0	0.0318827	0	0	0	0	0
B776	0	0.0110224	0	0	0	0	0
B777	0	0.0963798	0	0	0	0	0
B767	0	0.0792513	0	0	0	0	0
B768	0	0.0541499	0	0	0	0	0
B766	0	0.0557805	0	0	0	0	0
B778	0	0.0240145	0	0	0	0	0
B781	0	0.0592623	0	0	0	0	0
B780	0	0.0953118	0	0	0	0	0
B786	0	0.0102603	0	0	0	0	0
B787	0	0.0209748	0	0	0	0	0
B782	0	0.0673765	0	0	0	0	0
B783	0	0.0871615	0	0	0	0	0
B681	0	0.0718253	0	0	0	0	0
B682	0	0.0220575	0	0	0	0	0
B697	0	0.0738996	0	0	0	0	0
B716	0	0.0803426	0	0	0	0	0
B717	0	0.0893093	0	0	0	0	0
B729	0	0.0140106	0	0	0	0	0
B746	0	0.0607087	0	0	0	0	0
B745	0	0.036418	0	0	0	0	0
B747	0	0.0806316	0	0	0	0	0
B755	0	0.0616042	0	0	0	0	0
B756	0	0.052788	0	0	0	0	0
B775	0	0.0837861	0	0	0	0	0
B774	0	0.0300898	0	0	0	0	0
B773	0	0.0304029	0	0	0	0	0
B759	0	0.0671883	0	0	0	0	0
B758	0	0.0127815	0	0	0	0	0
B757	0	0.0306269	0	0	0	0	0
B760	0	0.0619398	0	0	0	0	0
B728	0	0.0443486	0	0	0	0	0
B743	0	0.0227659	0	0	0	0	0
B744	0	0.0974512	0	0	0	0	0
B605	0	0.0466559	0	0	0	0	0
B606	0	0.045883	0	0	0	0	0
B633	0	0.0256755	0	0	0	0	0
B632	0	0.0988769	0	0	0	0	0
B631	0	0.0926913	0	0	0	0	0
B423	0	0.0726717	0	0	0	0	0
B439	0	0.0403676	0	0	0	0	0
B463	0	0.0851206	0	0	0	0	0
B464	0	0.0579428	0	0	0	0	0
B462	0	0.086227	0	0	0	0	0
B461	0	0.0931762	0	0	0	0	0
B495	0	0.0852738	0	0	0	0	0
B494	0	0.0160722	0	0	0	0	0
B5	0	0.0134338	0	0	0	0	0
B523	0	0.020515	0	0	0	0	0
B524	0	0.0359353	0	0	0	0	0
B497	0	0.0457443	0	0	0	0	0
B496	0	0.024699	0	0	0	0	0
B526	0	0.0706797	0	0	0	0	0
B525	0	0.0230573	0	0	0	0	0
B438	0	0.0256838	0	0	0	0	0
B437	0	0.0194573	0	0	0	0	0
B436	0	0.043915	0	0	0	0	0
B460	0	0.0649823	0	0	0	0	0
B459	0	0.0708197	0	0	0	0	0
B458	0	0.0156133	0	0	0	0	0
B634	0	0.0955601	0	0	0	0	0
B39	0	0.0561477	0	0	0	0	0
B665	0	0.0200455	0	0	0	0	0
B664	0	0.0944518	0	0	0	0	0
B663	0	0.0394053	0	0	0	0	0
B705	0	0.0523522	0	0	0	0	0
B704	0	0.0460893	0	0	0	0	0
B706	0	0.0515905	0	0	0	0	0
B708	0	0.0320333	0	0	0	0	0
B707	0	0.0402165	0	0	0	0	0
B724	0	0.0725514	0	0	0	0	0
B723	0	0.0999709	0	0	0	0	0
B662	0	0.0768074	0	0	0	0	0
B686	0	0.0930086	0	0	0	0	0
B701	0	0.0786936	0	0	0	0	0
B700	0	0.0945963	0	0	0	0	0
B699	0	0.0942331	0	0	0	0	0
B702	0	0.0133314	0	0	0	0	0
B703	0	0.0986905	0	0	0	0	0
B687	0	0.0211497	0	0	0	0	0
B688	0	0.0657923	0	0	0	0	0
B500	0	0.025864	0	0	0	0	0
B527	0	0.0826068	0	0	0	0	0
B528	0	0.0226446	0	0	0	0	0
B470	0	0.0725079	0	0	0	0	0
B472	0	0.0188319	0	0	0	0	0
B471	0	0.0983487	0	0	0	0	0
B504	0	0.0100319	0	0	0	0	0
B503	0	0.0162528	0	0	0	0	0
B502	0	0.0444437	0	0	0	0	0
B532	0	0.0319056	0	0	0	0	0
B530	0	0.0216673	0	0	0	0	0
B531	0	0.0239341	0	0	0	0	0
B567	0	0.0810215	0	0	0	0	0
B595	0	0.0110996	0	0	0	0	0
B101	0	0.0308376	0	0	0	0	0
B102	0	0.0711667	0	0	0	0	0
B107	0	0.022934	0	0	0	0	0
B106	0	0.05328	0	0	0	0	0
B108	0	0.0826513	0	0	0	0	0
B120	0	0.0423167	0	0	0	0	0
B128	0	0.0311557	0	0	0	0	0
B137	0	0.0961375	0	0	0	0	0
B138	0	0.0488686	0	0	0	0	0
B105	0	0.080688	0	0	0	0	0
B103	0	0.0891641	0	0	0	0	0
B104	0	0.0383773	0	0	0	0	0
B593	0	0.0827444	0	0	0	0	0
B594	0	0.074531	0	0	0	0	0
B613	0	0.0832191	0	0	0	0	0
B611	0	0.0862612	0	0	0	0	0
B612	0	0.0286948	0	0	0	0	0
B643	0	0.0364636	0	0	0	0	0
B642	0	0.0569645	0	0	0	0	0
B674	0	0.0660394	0	0	0	0	0
B675	0	0.0496547	0	0	0	0	0
B692	0	0.0754361	0	0	0	0	0
B43	0	0.0901089	0	0	0	0	0
B691	0	0.0317254	0	0	0	0	0
B505	0	0.0988048	0	0	0	0	0
B508	0	0.0878441	0	0	0	0	0
B507	0	0.0509789	0	0	0	0	0
B506	0	0.0267979	0	0	0	0	0
B465	0	0.0449234	0	0	0	0	0
B499	0	0.0294784	0	0	0	0	0
B498	0	0.0676041	0	0	0	0	0
B467	0	0.0189077	0	0	0	0	0
B466	0	0.0734659	0	0	0	0	0
B793	0	0.0406761	0	0	0	0	0
B792	0	0.0364299	0	0	0	0	0
B794	0	0.0511179	0	0	0	0	0
B795	0	0.0386508	0	0	0	0	0
B38	0	0.0792351	0	0	0	0	0
B48	0	0.0778756	0	0	0	0	0
B398	0	0.0342953	0	0	0	0	0
B397	0	0.0213604	0	0	0	0	0
B396	0	0.0260399	0	0	0	0	0
B289	0	0.0845225	0	0	0	0	0
B360	0	0.0712187	0	0	0	0	0
B361	0	0.025211	0	0	0	0	0
B395	0	0.0472312	0	0	0	0	0
B394	0	0.085638	0	0	0	0	0
B316	0	0.0141183	0	0	0	0	0
B359	0	0.0406268	0	0	0	0	0
B393	0	0.099714	0	0	0	0	0
B392	0	0.0356591	0	0	0	0	0
B358	0	0.035101	0	0	0	0	0
B357	0	0.0545628	0	0	0	0	0
B356	0	0.0561438	0	0	0	0	0
B233	0	0.0508759	0	0	0	0	0
B256	0	0.0429971	0	0	0	0	0
B257	0	0.055698	0	0	0	0	0
B291	0	0.0924219	0	0	0	0	0
B290	0	0.0998533	0	0	0	0	0
B322	0	0.0412441	0	0	0	0	0
B321	0	0.0320043	0	0	0	0	0
B365	0	0.0942047	0	0	0	0	0
B400	0	0.0258627	0	0	0	0	0
B426	0	0.0145215	0	0	0	0	0
B475	0	0.0301486	0	0	0	0	0
B474	0	0.037728	0	0	0	0	0
B473	0	0.0302558	0	0	0	0	0
B509	0	0.0343084	0	0	0	0	0
B510	0	0.0863371	0	0	0	0	0
B535	0	0.0667032	0	0	0	0	0
B536	0	0.079813	0	0	0	0	0
B533	0	0.0427279	0	0	0	0	0
B534	0	0.0163	0	0	0	0	0
B570	0	0.0114473	0	0	0	0	0
B569	0	0.0634532	0	0	0	0	0
B568	0	0.0845112	0	0	0	0	0
B572	0	0.0624742	0	0	0	0	0
B571	0	0.0518797	0	0	0	0	0
B476	0	0.039481	0	0	0	0	0
B477	0	0.0863924	0	0	0	0	0
B478	0	0.0834115	0	0	0	0	0
B511	0	0.0102905	0	0	0	0	0
B512	0	0.017603	0	0	0	0	0
B513	0	0.0405516	0	0	0	0	0
B443	0	0.0807762	0	0	0	0	0
B442	0	0.0711549	0	0	0	0	0
B441	0	0.0951029	0	0	0	0	0
B93	0	0.0315984	0	0	0	0	0
B92	0	0.0913965	0	0	0	0	0
B100	0	0.0479237	0	0	0	0	0
B119	0	0.0549601	0	0	0	0	0
B218	0	0.0371116	0	0	0	0	0
B274	0	0.0501798	0	0	0	0	0
B303	0	0.0411509	0	0	0	0	0
B300	0	0.0908856	0	0	0	0	0
B301	0	0.0112333	0	0	0	0	0
B302	0	0.0974353	0	0	0	0	0
B299	0	0.0680935	0	0	0	0	0
B272	0	0.052748	0	0	0	0	0
B273	0	0.0885828	0	0	0	0	0
B271	0	0.0688565	0	0	0	0	0
B217	0	0.0377493	0	0	0	0	0
B216	0	0.093434	0	0	0	0	0
B240	0	0.0439493	0	0	0	0	0
B239	0	0.0900838	0	0	0	0	0
B267	0	0.0800212	0	0	0	0	0
B268	0	0.0998118	0	0	0	0	0
B269	0	0.0796155	0	0	0	0	0
B294	0	0.0306937	0	0	0	0	0
B296	0	0.0225347	0	0	0	0	0
B295	0	0.0726173	0	0	0	0	0
B328	0	0.0688841	0	0	0	0	0
B374	0	0.0113733	0	0	0	0	0
B376	0	0.0558423	0	0	0	0	0
B375	0	0.0181303	0	0	0	0	0
B405	0	0.0955291	0	0	0	0	0
B430	0	0.0493944	0	0	0	0	0
B429	0	0.0713777	0	0	0	0	0
B428	0	0.0432073	0	0	0	0	0
B202	0	0.095593	0	0	0	0	0
B203	0	0.0107009	0	0	0	0	0
B187	0	0.0729454	0	0	0	0	0
B188	0	0.0237393	0	0	0	0	0
B181	0	0.0548014	0	0	0	0	0
B182	0	0.0659837	0	0	0	0	0
B186	0	0.0493179	0	0	0	0	0
B199	0	0.0454001	0	0	0	0	0
B212	0	0.0747476	0	0	0	0	0
B211	0	0.0547337	0	0	0	0	0
B228	0	0.0599042	0	0	0	0	0
B229	0	0.0925106	0	0	0	0	0
B230	0	0.020603	0	0	0	0	0
B252	0	0.0708377	0	0	0	0	0
B287	0	0.0774524	0	0	0	0	0
B313	0	0.0802559	0	0	0	0	0
B350	0	0.010386	0	0	0	0	0
B349	0	0.034098	0	0	0	0	0
B391	0	0.0213627	0	0	0	0	0
B390	0	0.0359428	0	0	0	0	0
B422	0	0.0542219	0	0	0	0	0
B421	0	0.0154021	0	0	0	0	0
B420	0	0.0630466	0	0	0	0	0
B418	0	0.0621547	0	0	0	0	0
B419	0	0.0481748	0	0	0	0	0
B432	0	0.0193879	0	0	0	0	0
B433	0	0.0857741	0	0	0	0	0
B455	0	0.0440657	0	0	0	0	0
B454	0	0.0134425	0	0	0	0	0
B488	0	0.0528828	0	0	0	0	0
B487	0	0.0816572	0	0	0	0	0
B522	0	0.0548993	0	0	0	0	0
B556	0	0.0447729	0	0	0	0	0
B555	0	0.0257735	0	0	0	0	0
B558	0	0.0261354	0	0	0	0	0
B557	0	0.058338	0	0	0	0	0
B559	0	0.0484496	0	0	0	0	0
B584	0	0.0632084	0	0	0	0	0
B647	0	0.0821953	0	0	0	0	0
B646	0	0.0206121	0	0	0	0	0
B645	0	0.0681483	0	0	0	0	0
B644	0	0.0420029	0	0	0	0	0
B616	0	0.0696072	0	0	0	0	0
B614	0	0.0277918	0	0	0	0	0
B615	0	0.0690536	0	0	0	0	0
B651	0	0.0527457	0	0	0	0	0
B650	0	0.0249459	0	0	0	0	0
B649	0	0.0535443	0	0	0	0	0
B648	0	0.0565992	0	0	0	0	0
B599	0	0.0635878	0	0	0	0	0
B598	0	0.0763039	0	0	0	0	0
B618	0	0.0438568	0	0	0	0	0
B617	0	0.0919705	0	0	0	0	0
B435	0	0.0136037	0	0	0	0	0
B434	0	0.0526409	0	0	0	0	0
B225	0	0.0891083	0	0	0	0	0
B227	0	0.053977	0	0	0	0	0
B226	0	0.0761914	0	0	0	0	0
B250	0	0.0876081	0	0	0	0	0
B251	0	0.092404	0	0	0	0	0
B285	0	0.0514656	0	0	0	0	0
B286	0	0.0932511	0	0	0	0	0
B213	0	0.0524608	0	0	0	0	0
B198	0	0.0821643	0	0	0	0	0
B209	0	0.0331984	0	0	0	0	0
B210	0	0.0668255	0	0	0	0	0
B179	0	0.0799596	0	0	0	0	0
B180	0	0.0116598	0	0	0	0	0
B171	0	0.0242385	0	0	0	0	0
B176	0	0.0283395	0	0	0	0	0
B177	0	0.0918288	0	0	0	0	0
B170	0	0.0708577	0	0	0	0	0
B169	0	0.0629466	0	0	0	0	0
B174	0	0.0968666	0	0	0	0	0
B175	0	0.0918277	0	0	0	0	0
B166	0	0.0608123	0	0	0	0	0
B167	0	0.0753134	0	0	0	0	0
B168	0	0.0254154	0	0	0	0	0
B135	0	0.0191822	0	0	0	0	0
B136	0	0.0376174	0	0	0	0	0
B116	0	0.0709454	0	0	0	0	0
B115	0	0.0629736	0	0	0	0	0
B117	0	0.0112822	0	0	0	0	0
B126	0	0.0919017	0	0	0	0	0
B133	0	0.0821383	0	0	0	0	0
B54	0	0.0591925	0	0	0	0	0
