top-event	mission-time	probability
root	0	1
basic-event	occurrences	Pr	MIF	CIF	DIF	RAW	RRW
B53	1	0.0959205	1	0.0959205	0.18264	1.90408	1.1061
B40	1	0.0716353	1	0.0716353	0.138139	1.92836	1.07716
B56	1	0.0448488	1	0.0448488	0.0876861	1.95515	1.04695
B55	1	0.0842281	1	0.0842281	0.161362	1.91577	1.09198
B57	1	0.0852107	1	0.0852107	0.163161	1.91479	1.09315
B59	1	0.0509267	1	0.0509267	0.0992598	1.94907	1.05366
B58	1	0.0403952	1	0.0403952	0.0791586	1.9596	1.0421
B60	1	0.0982395	1	0.0982395	0.186828	1.90176	1.10894
B61	1	0.0811998	1	0.0811998	0.155806	1.9188	1.08838
B67	1	0.0846422	1	0.0846422	0.16212	1.91536	1.09247
B72	1	0.0248293	1	0.0248293	0.049042	1.97517	1.02546
B82	1	0.0142512	1	0.0142512	0.0282993	1.98575	1.01446
B81	1	0.0417706	1	0.0417706	0.0817963	1.95823	1.04359
B84	1	0.0802459	1	0.0802459	0.154052	1.91975	1.08725
B83	1	0.0185371	1	0.0185371	0.0367306	1.98146	1.01889
B71	1	0.0995887	1	0.0995887	0.18926	1.90041	1.1106
B78	1	0.0604437	1	0.0604437	0.117234	1.93956	1.06433
B80	1	0.0514094	1	0.0514094	0.100176	1.94859	1.0542
B79	1	0.054724	1	0.054724	0.106453	1.94528	1.05789
B87	1	0.0688135	1	0.0688135	0.132892	1.93119	1.0739
B88	1	0.044856	1	0.044856	0.0877	1.95514	1.04696
B96	1	0.0264196	1	0.0264196	0.0521413	1.97358	1.02714
B97	1	0.0692269	1	0.0692269	0.133661	1.93077	1.07438
B124	1	0.0879101	1	0.0879101	0.168092	1.91209	1.09638
B125	1	0.0287191	1	0.0287191	0.0566134	1.97128	1.02957
B132	1	0.0341404	1	0.0341404	0.0671152	1.96586	1.03535
B26	1	0.0616067	1	0.0616067	0.119418	1.93839	1.06565
B142	1	0.0548963	1	0.0548963	0.106779	1.9451	1.05808
B143	1	0.0464646	1	0.0464646	0.0907702	1.95354	1.04873
B144	1	0.0813621	1	0.0813621	0.156104	1.91864	1.08857
B17	1	0.0162889	1	0.0162889	0.0323125	1.98371	1.01656
B122	1	0.0499954	1	0.0499954	0.0974912	1.95	1.05263
B123	1	0.0358356	1	0.0358356	0.0703869	1.96416	1.03717
B66	1	0.0383956	1	0.0383956	0.075317	1.9616	1.03993
B64	1	0.0626161	1	0.0626161	0.121312	1.93738	1.0668
B65	1	0.0514685	1	0.0514685	0.100288	1.94853	1.05426
B69	1	0.0953909	1	0.0953909	0.181682	1.90461	1.10545
B70	1	0.0930724	1	0.0930724	0.177482	1.90693	1.10262
B74	1	0.0728943	1	0.0728943	0.140475	1.92711	1.07863
B75	1	0.0354293	1	0.0354293	0.0696034	1.96457	1.03673
B76	1	0.0563946	1	0.0563946	0.109609	1.94361	1.05976
B77	1	0.0519306	1	0.0519306	0.101164	1.94807	1.05478
B13	1	0.0101503	1	0.0101503	0.0201977	1.98985	1.01025
B62	1	0.0537508	1	0.0537508	0.104612	1.94625	1.0568
B63	1	0.0551132	1	0.0551132	0.107189	1.94489	1.05833
B49	1	0.0263318	1	0.0263318	0.0519703	1.97367	1.02704
B20	1	0.0914859	1	0.0914859	0.174602	1.90851	1.1007
B68	1	0.0616177	1	0.0616177	0.119439	1.93838	1.06566
B73	1	0.0137658	1	0.0137658	0.027342	1.98623	1.01396
B85	1	0.0171896	1	0.0171896	0.0340838	1.98281	1.01749
B86	1	0.0500246	1	0.0500246	0.0975468	1.94998	1.05266
B32	1	0.0286176	1	0.0286176	0.0564163	1.97138	1.02946
B113	1	0.0674082	1	0.0674082	0.130273	1.93259	1.07228
B114	1	0.0982269	1	0.0982269	0.186805	1.90177	1.10893
B121	1	0.0399098	1	0.0399098	0.0782269	1.96009	1.04157
B129	1	0.0592942	1	0.0592942	0.115073	1.94071	1.06303
B130	1	0.0943573	1	0.0943573	0.179811	1.90564	1.10419
B131	1	0.0629116	1	0.0629116	0.121865	1.93709	1.06714
B141	1	0.0906543	1	0.0906543	0.17309	1.90935	1.09969
B139	1	0.0990418	1	0.0990418	0.188274	1.90096	1.10993
B140	1	0.0277608	1	0.0277608	0.0547509	1.97224	1.02855
B146	1	0.0784598	1	0.0784598	0.150764	1.92154	1.08514
B147	1	0.0400727	1	0.0400727	0.0785397	1.95993	1.04175
B156	1	0.0687076	1	0.0687076	0.132695	1.93129	1.07378
B154	1	0.0994017	1	0.0994017	0.188923	1.9006	1.11037
B155	1	0.0791097	1	0.0791097	0.151961	1.92089	1.08591
B984	1	0.0368022	1	0.0368022	0.0722499	1.9632	1.03821
B986	1	0.0642661	1	0.0642661	0.124402	1.93573	1.06868
B985	1	0.0406229	1	0.0406229	0.0795955	1.95938	1.04234
B987	1	0.0281139	1	0.0281139	0.0554374	1.97189	1.02893
B991	1	0.073706	1	0.073706	0.141979	1.92629	1.07957
B992	1	0.0454909	1	0.0454909	0.0889124	1.95451	1.04766
B993	1	0.052021	1	0.052021	0.101336	1.94798	1.05488
B1000	1	0.0319768	1	0.0319768	0.062931	1.96802	1.03303
B999	1	0.057468	1	0.057468	0.111633	1.94253	1.06097
B35	1	0.0828405	1	0.0828405	0.158818	1.91716	1.09032
B329	1	0.0756609	1	0.0756609	0.145597	1.92434	1.08185
B330	1	0.0552463	1	0.0552463	0.10744	1.94475	1.05848
B331	1	0.027428	1	0.027428	0.0541036	1.97257	1.0282
B377	1	0.0223644	1	0.0223644	0.0442287	1.97764	1.02288
B378	1	0.0188047	1	0.0188047	0.0372558	1.9812	1.01917
B408	1	0.0262478	1	0.0262478	0.0518067	1.97375	1.02696
B407	1	0.0192917	1	0.0192917	0.0382113	1.98071	1.01967
B406	1	0.0586292	1	0.0586292	0.113821	1.94137	1.06228
B988	1	0.0125508	1	0.0125508	0.0249442	1.98745	1.01271
B989	1	0.0896504	1	0.0896504	0.171264	1.91035	1.09848
B994	1	0.0448147	1	0.0448147	0.0876211	1.95519	1.04692
B14	1	0.0492648	1	0.0492648	0.0961026	1.95074	1.05182
B8	1	0.0866878	1	0.0866878	0.165861	1.91331	1.09492
B343	1	0.0829941	1	0.0829941	0.1591	1.91701	1.09051
B344	1	0.0417164	1	0.0417164	0.0816925	1.95828	1.04353
B46	1	0.0437069	1	0.0437069	0.0855036	1.95629	1.0457
B3	1	0.019693	1	0.019693	0.0389982	1.98031	1.02009
B29	1	0.0791915	1	0.0791915	0.152112	1.92081	1.086
B45	1	0.0701623	1	0.0701623	0.135402	1.92984	1.07546
B990	1	0.047723	1	0.047723	0.0931685	1.95228	1.05011
B24	1	0.0119112	1	0.0119112	0.0236806	1.98809	1.01205
B998	1	0.0631757	1	0.0631757	0.12236	1.93682	1.06744
B997	1	0.0585444	1	0.0585444	0.113661	1.94146	1.06218
B19	1	0.050349	1	0.050349	0.0981629	1.94965	1.05302
B314	1	0.0517216	1	0.0517216	0.100768	1.94828	1.05454
B315	1	0.0526328	1	0.0526328	0.102495	1.94737	1.05556
B352	1	0.0129099	1	0.0129099	0.0256531	1.98709	1.01308
B351	1	0.0613521	1	0.0613521	0.11894	1.93865	1.06536
B355	1	0.0206184	1	0.0206184	0.0408116	1.97938	1.02105
B353	1	0.0179451	1	0.0179451	0.0355683	1.98205	1.01827
B354	1	0.0598431	1	0.0598431	0.116105	1.94016	1.06365
B995	1	0.0576636	1	0.0576636	0.112002	1.94234	1.06119
B996	1	0.0459481	1	0.0459481	0.0897849	1.95405	1.04816
B28	1	0.0854054	1	0.0854054	0.163517	1.91459	1.09338
B284	1	0.0439569	1	0.0439569	0.0859815	1.95604	1.04598
B282	1	0.0105334	1	0.0105334	0.0209558	1.98947	1.01065
B283	1	0.0539219	1	0.0539219	0.104936	1.94608	1.057
B95	1	0.0547745	1	0.0547745	0.106549	1.94523	1.05795
B94	1	0.0404396	1	0.0404396	0.0792439	1.95956	1.04214
B110	1	0.0688624	1	0.0688624	0.132983	1.93114	1.07396
B111	1	0.0701746	1	0.0701746	0.135425	1.92983	1.07547
B112	1	0.0988435	1	0.0988435	0.187917	1.90116	1.10969
B109	1	0.0794252	1	0.0794252	0.152542	1.92057	1.08628
B6	1	0.0582582	1	0.0582582	0.113122	1.94174	1.06186
B89	1	0.0819323	1	0.0819323	0.157152	1.91807	1.08924
B90	1	0.0692153	1	0.0692153	0.13364	1.93078	1.07436
B91	1	0.0449432	1	0.0449432	0.0878664	1.95506	1.04706
B99	1	0.068703	1	0.068703	0.132686	1.9313	1.07377
B98	1	0.0850148	1	0.0850148	0.162802	1.91499	1.09291
B118	1	0.0815533	1	0.0815533	0.156456	1.91845	1.08879
B127	1	0.0577353	1	0.0577353	0.112137	1.94226	1.06127
B134	1	0.0185053	1	0.0185053	0.0366682	1.98149	1.01885
B145	1	0.046905	1	0.046905	0.0916099	1.95309	1.04921
B25	1	0.0920035	1	0.0920035	0.175542	1.908	1.10133
B149	1	0.0435472	1	0.0435472	0.0851981	1.95645	1.04553
B148	1	0.020472	1	0.020472	0.040525	1.97953	1.0209
B150	1	0.0574346	1	0.0574346	0.11157	1.94257	1.06093
B157	1	0.0638026	1	0.0638026	0.123534	1.9362	1.06815
B159	1	0.0724603	1	0.0724603	0.13967	1.92754	1.07812
B51	1	0.0922281	1	0.0922281	0.17595	1.90777	1.1016
B158	1	0.0317758	1	0.0317758	0.0625418	1.96822	1.03282
B161	1	0.0659645	1	0.0659645	0.127578	1.93404	1.07062
B162	1	0.0218137	1	0.0218137	0.0431516	1.97819	1.0223
B151	1	0.0505189	1	0.0505189	0.0984856	1.94948	1.05321
B152	1	0.0261495	1	0.0261495	0.0516151	1.97385	1.02685
B153	1	0.0507805	1	0.0507805	0.0989823	1.94922	1.0535
B42	1	0.0699992	1	0.0699992	0.135098	1.93	1.07527
B160	1	0.0917689	1	0.0917689	0.175116	1.90823	1.10104
B163	1	0.0663918	1	0.0663918	0.128376	1.93361	1.07111
B47	1	0.0128657	1	0.0128657	0.0255659	1.98713	1.01303
B23	1	0.0811065	1	0.0811065	0.155635	1.91889	1.08827
B165	1	0.0322537	1	0.0322537	0.0634672	1.96775	1.03333
B164	1	0.0877924	1	0.0877924	0.167877	1.91221	1.09624
B172	1	0.0395685	1	0.0395685	0.0775714	1.96043	1.0412
B173	1	0.0773802	1	0.0773802	0.148773	1.92262	1.08387
B178	1	0.095738	1	0.095738	0.18231	1.90426	1.10587
B183	1	0.0505998	1	0.0505998	0.0986393	1.9494	1.0533
B184	1	0.0225909	1	0.0225909	0.0446714	1.97741	1.02311
B9	1	0.0243696	1	0.0243696	0.0481454	1.97563	1.02498
B201	1	0.0382213	1	0.0382213	0.0749818	1.96178	1.03974
B200	1	0.0511305	1	0.0511305	0.0996466	1.94887	1.05389
B236	1	0.0598975	1	0.0598975	0.116207	1.9401	1.06371
B237	1	0.0465634	1	0.0465634	0.0909586	1.95344	1.04884
B238	1	0.0570842	1	0.0570842	0.11091	1.94292	1.06054
B234	1	0.0676508	1	0.0676508	0.130725	1.93235	1.07256
B235	1	0.0443583	1	0.0443583	0.0867489	1.95564	1.04642
B265	1	0.0881476	1	0.0881476	0.168525	1.91185	1.09667
B266	1	0.0776979	1	0.0776979	0.149359	1.9223	1.08424
B293	1	0.0573406	1	0.0573406	0.111393	1.94266	1.06083
B292	1	0.0677204	1	0.0677204	0.130855	1.93228	1.07264
B4	1	0.0911079	1	0.0911079	0.173915	1.90889	1.10024
B372	1	0.0173201	1	0.0173201	0.0343401	1.98268	1.01763
B402	1	0.0358986	1	0.0358986	0.0705085	1.9641	1.03724
B401	1	0.0178869	1	0.0178869	0.0354539	1.98211	1.01821
B371	1	0.0325691	1	0.0325691	0.0640775	1.96743	1.03367
B368	1	0.0885389	1	0.0885389	0.169239	1.91146	1.09714
B370	1	0.0159265	1	0.0159265	0.0315993	1.98407	1.01618
B369	1	0.0133658	1	0.0133658	0.0265529	1.98663	1.01355
B373	1	0.0342909	1	0.0342909	0.0674059	1.96571	1.03551
B404	1	0.0280272	1	0.0280272	0.0552688	1.97197	1.02884
B403	1	0.0626969	1	0.0626969	0.121463	1.9373	1.06689
B427	1	0.0609659	1	0.0609659	0.118215	1.93903	1.06492
B445	1	0.0583475	1	0.0583475	0.113291	1.94165	1.06196
B444	1	0.0228251	1	0.0228251	0.0451293	1.97717	1.02336
B479	1	0.0987615	1	0.0987615	0.187769	1.90124	1.10958
B231	1	0.0697787	1	0.0697787	0.134688	1.93022	1.07501
B33	1	0.0648012	1	0.0648012	0.125403	1.9352	1.06929
B253	1	0.0744147	1	0.0744147	0.143292	1.92559	1.0804
B288	1	0.0932496	1	0.0932496	0.177804	1.90675	1.10284
B789	1	0.0245265	1	0.0245265	0.0484514	1.97547	1.02514
B788	1	0.0637017	1	0.0637017	0.123345	1.9363	1.06804
B791	1	0.053223	1	0.053223	0.103613	1.94678	1.05621
B790	1	0.0128818	1	0.0128818	0.0255976	1.98712	1.01305
B262	1	0.0736619	1	0.0736619	0.141898	1.92634	1.07952
B263	1	0.0966823	1	0.0966823	0.184017	1.90332	1.10703
B264	1	0.0651804	1	0.0651804	0.126112	1.93482	1.06973
B261	1	0.0971576	1	0.0971576	0.184876	1.90284	1.10761
B259	1	0.097353	1	0.097353	0.185228	1.90265	1.10785
B260	1	0.0685742	1	0.0685742	0.132446	1.93143	1.07362
B214	1	0.086823	1	0.086823	0.166108	1.91318	1.09508
B215	1	0.0989062	1	0.0989062	0.18803	1.90109	1.10976
B232	1	0.0158366	1	0.0158366	0.0314224	1.98416	1.01609
B254	1	0.0546789	1	0.0546789	0.106368	1.94532	1.05784
B255	1	0.0527853	1	0.0527853	0.102784	1.94721	1.05573
B317	1	0.0363497	1	0.0363497	0.071378	1.96365	1.03772
B363	1	0.0458146	1	0.0458146	0.0895303	1.95419	1.04801
B362	1	0.017757	1	0.017757	0.0351987	1.98224	1.01808
B319	1	0.0445833	1	0.0445833	0.087179	1.95542	1.04666
B320	1	0.0873575	1	0.0873575	0.167084	1.91264	1.09572
B318	1	0.0589291	1	0.0589291	0.114386	1.94107	1.06262
B364	1	0.0555543	1	0.0555543	0.108022	1.94445	1.05882
B399	1	0.0291168	1	0.0291168	0.0573859	1.97088	1.02999
B425	1	0.0527388	1	0.0527388	0.102696	1.94726	1.05568
B424	1	0.0944033	1	0.0944033	0.179895	1.9056	1.10424
B440	1	0.0314122	1	0.0314122	0.0618377	1.96859	1.03243
B469	1	0.0846387	1	0.0846387	0.162114	1.91536	1.09246
B468	1	0.0996295	1	0.0996295	0.189333	1.90037	1.11065
B501	1	0.0108728	1	0.0108728	0.0216274	1.98913	1.01099
B529	1	0.0869471	1	0.0869471	0.166334	1.91305	1.09523
B564	1	0.0522612	1	0.0522612	0.101791	1.94774	1.05514
B563	1	0.0135488	1	0.0135488	0.026914	1.98645	1.01373
B565	1	0.0564092	1	0.0564092	0.109636	1.94359	1.05978
B566	1	0.0344639	1	0.0344639	0.0677401	1.96554	1.03569
B591	1	0.0790789	1	0.0790789	0.151904	1.92092	1.08587
B592	1	0.0811934	1	0.0811934	0.155794	1.91881	1.08837
B610	1	0.0627745	1	0.0627745	0.121608	1.93723	1.06698
B609	1	0.0387074	1	0.0387074	0.0759165	1.96129	1.04027
B608	1	0.0564963	1	0.0564963	0.109801	1.9435	1.05988
B607	1	0.0976577	1	0.0976577	0.185778	1.90234	1.10823
B638	1	0.0607708	1	0.0607708	0.117848	1.93923	1.0647
B639	1	0.0107876	1	0.0107876	0.0214589	1.98921	1.01091
B672	1	0.0488186	1	0.0488186	0.0952539	1.95118	1.05132
B671	1	0.0266192	1	0.0266192	0.0525298	1.97338	1.02735
B673	1	0.0634543	1	0.0634543	0.122882	1.93655	1.06775
B668	1	0.016295	1	0.016295	0.0323244	1.98371	1.01656
B667	1	0.0482375	1	0.0482375	0.0941481	1.95176	1.05068
B670	1	0.0280264	1	0.0280264	0.0552672	1.97197	1.02883
B669	1	0.0981891	1	0.0981891	0.186737	1.90181	1.10888
B641	1	0.0611253	1	0.0611253	0.118514	1.93887	1.0651
B11	1	0.0400417	1	0.0400417	0.07848	1.95996	1.04171
B640	1	0.0371807	1	0.0371807	0.0729789	1.96282	1.03862
B312	1	0.0139316	1	0.0139316	0.0276692	1.98607	1.01413
B345	1	0.0210063	1	0.0210063	0.0415713	1.97899	1.02146
B346	1	0.0463322	1	0.0463322	0.0905176	1.95367	1.04858
B387	1	0.0324161	1	0.0324161	0.0637813	1.96758	1.0335
B386	1	0.0608735	1	0.0608735	0.118041	1.93913	1.06482
B347	1	0.0386442	1	0.0386442	0.075795	1.96136	1.0402
B348	1	0.0250957	1	0.0250957	0.0495616	1.9749	1.02574
B388	1	0.0686048	1	0.0686048	0.132503	1.9314	1.07366
B389	1	0.063524	1	0.063524	0.123013	1.93648	1.06783
B637	1	0.0104144	1	0.0104144	0.0207203	1.98959	1.01052
B636	1	0.0885621	1	0.0885621	0.169281	1.91144	1.09717
B635	1	0.0286154	1	0.0286154	0.056412	1.97138	1.02946
B666	1	0.032286	1	0.032286	0.0635297	1.96771	1.03336
B689	1	0.0336659	1	0.0336659	0.0661984	1.96633	1.03484
B690	1	0.045281	1	0.045281	0.0885117	1.95472	1.04743
B709	1	0.0883777	1	0.0883777	0.168945	1.91162	1.09695
B726	1	0.0312621	1	0.0312621	0.0615468	1.96874	1.03227
B725	1	0.045257	1	0.045257	0.0884658	1.95474	1.0474
B733	1	0.0286029	1	0.0286029	0.0563876	1.9714	1.02945
B734	1	0.0612288	1	0.0612288	0.118709	1.93877	1.06522
B10	1	0.0403495	1	0.0403495	0.0790709	1.95965	1.04205
B711	1	0.0397851	1	0.0397851	0.0779873	1.96021	1.04143
B710	1	0.056871	1	0.056871	0.110508	1.94313	1.0603
B797	1	0.0709775	1	0.0709775	0.136917	1.92902	1.0764
B796	1	0.0398403	1	0.0398403	0.0780934	1.96016	1.04149
B798	1	0.0356575	1	0.0356575	0.0700435	1.96434	1.03698
B799	1	0.0928771	1	0.0928771	0.177128	1.90712	1.10239
B50	1	0.0838171	1	0.0838171	0.160609	1.91618	1.09149
B801	1	0.0591627	1	0.0591627	0.114825	1.94084	1.06288
B802	1	0.0741458	1	0.0741458	0.142794	1.92585	1.08008
B808	1	0.0504112	1	0.0504112	0.0982812	1.94959	1.05309
B807	1	0.0843199	1	0.0843199	0.16153	1.91568	1.09208
B813	1	0.087693	1	0.087693	0.167696	1.91231	1.09612
B814	1	0.0195108	1	0.0195108	0.0386408	1.98049	1.0199
B812	1	0.037648	1	0.037648	0.0738786	1.96235	1.03912
B825	1	0.095358	1	0.095358	0.181623	1.90464	1.10541
B826	1	0.0795794	1	0.0795794	0.152826	1.92042	1.08646
B824	1	0.0676319	1	0.0676319	0.13069	1.93237	1.07254
B837	1	0.0148452	1	0.0148452	0.02947	1.98515	1.01507
B18	1	0.0383913	1	0.0383913	0.0753087	1.96161	1.03992
B840	1	0.088541	1	0.088541	0.169243	1.91146	1.09714
B839	1	0.0112918	1	0.0112918	0.0224561	1.98871	1.01142
B845	1	0.0113259	1	0.0113259	0.0225236	1.98867	1.01146
B844	1	0.0293663	1	0.0293663	0.0578701	1.97063	1.03025
B847	1	0.099545	1	0.099545	0.189181	1.90045	1.11055
B852	1	0.0649981	1	0.0649981	0.125771	1.935	1.06952
B851	1	0.0207391	1	0.0207391	0.041048	1.97926	1.02118
B858	1	0.0704493	1	0.0704493	0.135936	1.92955	1.07579
B857	1	0.0607011	1	0.0607011	0.117718	1.9393	1.06462
B859	1	0.0257532	1	0.0257532	0.0508432	1.97425	1.02643
B860	1	0.0222772	1	0.0222772	0.0440581	1.97772	1.02278
B861	1	0.0122584	1	0.0122584	0.0243666	1.98774	1.01241
B864	1	0.0358065	1	0.0358065	0.0703309	1.96419	1.03714
B52	1	0.0692267	1	0.0692267	0.133661	1.93077	1.07438
B867	1	0.0612855	1	0.0612855	0.118815	1.93871	1.06529
B41	1	0.0674518	1	0.0674518	0.130354	1.93255	1.07233
B862	1	0.0824209	1	0.0824209	0.158049	1.91758	1.08982
B863	1	0.0938805	1	0.0938805	0.178947	1.90612	1.10361
B36	1	0.0383737	1	0.0383737	0.0752748	1.96163	1.0399
B865	1	0.0707966	1	0.0707966	0.136581	1.9292	1.07619
B866	1	0.0720073	1	0.0720073	0.13883	1.92799	1.07759
B868	1	0.0670273	1	0.0670273	0.129562	1.93297	1.07184
B869	1	0.0260817	1	0.0260817	0.0514832	1.97392	1.02678
B870	1	0.0993021	1	0.0993021	0.188743	1.9007	1.11025
B876	1	0.0761027	1	0.0761027	0.146414	1.9239	1.08237
B877	1	0.0708688	1	0.0708688	0.136715	1.92913	1.07627
B879	1	0.0633461	1	0.0633461	0.122679	1.93665	1.06763
B878	1	0.0450844	1	0.0450844	0.0881361	1.95492	1.04721
B884	1	0.0414157	1	0.0414157	0.0811162	1.95858	1.04321
B883	1	0.0428874	1	0.0428874	0.0839354	1.95711	1.04481
B880	1	0.0343501	1	0.0343501	0.0675203	1.96565	1.03557
B881	1	0.0959567	1	0.0959567	0.182706	1.90404	1.10614
B882	1	0.0406799	1	0.0406799	0.0797049	1.95932	1.0424
B887	1	0.0335873	1	0.0335873	0.0660464	1.96641	1.03475
B886	1	0.0990516	1	0.0990516	0.188292	1.90095	1.10994
B885	1	0.0393723	1	0.0393723	0.0771945	1.96063	1.04099
B888	1	0.0556505	1	0.0556505	0.108204	1.94435	1.05893
B889	1	0.0333796	1	0.0333796	0.0656449	1.96662	1.03453
B894	1	0.0253952	1	0.0253952	0.0501455	1.9746	1.02606
B893	1	0.0415924	1	0.0415924	0.0814549	1.95841	1.0434
B897	1	0.0699688	1	0.0699688	0.135042	1.93003	1.07523
B898	1	0.0976302	1	0.0976302	0.185729	1.90237	1.10819
B900	1	0.0192083	1	0.0192083	0.0380477	1.98079	1.01958
B899	1	0.046899	1	0.046899	0.0915984	1.9531	1.04921
B901	1	0.0674143	1	0.0674143	0.130284	1.93259	1.07229
B902	1	0.0885572	1	0.0885572	0.169272	1.91144	1.09716
B904	1	0.027888	1	0.027888	0.0549982	1.97211	1.02869
B903	1	0.0369619	1	0.0369619	0.0725577	1.96304	1.03838
B906	1	0.0976599	1	0.0976599	0.185782	1.90234	1.10823
B909	1	0.0735382	1	0.0735382	0.141668	1.92646	1.07938
B908	1	0.0593848	1	0.0593848	0.115243	1.94062	1.06313
B907	1	0.0572007	1	0.0572007	0.111129	1.9428	1.06067
B910	1	0.0603397	1	0.0603397	0.117038	1.93966	1.06421
B911	1	0.0162	1	0.0162	0.0321376	1.9838	1.01647
B919	1	0.0681855	1	0.0681855	0.131722	1.93181	1.07317
B918	1	0.0384588	1	0.0384588	0.0754385	1.96154	1.04
B921	1	0.0983656	1	0.0983656	0.187055	1.90163	1.1091
B920	1	0.0372626	1	0.0372626	0.0731368	1.96274	1.0387
B924	1	0.0932856	1	0.0932856	0.177869	1.90671	1.10288
B923	1	0.0252732	1	0.0252732	0.0499077	1.97473	1.02593
B925	1	0.0875511	1	0.0875511	0.167437	1.91245	1.09595
B926	1	0.0413657	1	0.0413657	0.0810203	1.95863	1.04315
B934	1	0.0785719	1	0.0785719	0.15097	1.92143	1.08527
B940	1	0.0507732	1	0.0507732	0.0989685	1.94923	1.05349
B942	1	0.0847312	1	0.0847312	0.162283	1.91527	1.09258
B941	1	0.011327	1	0.011327	0.0225257	1.98867	1.01146
B948	1	0.0677202	1	0.0677202	0.130854	1.93228	1.07264
B947	1	0.0498106	1	0.0498106	0.0971402	1.95019	1.05242
B953	1	0.0312314	1	0.0312314	0.0614875	1.96877	1.03224
B952	1	0.079136	1	0.079136	0.152009	1.92086	1.08594
B938	1	0.0428386	1	0.0428386	0.0838421	1.95716	1.04476
B937	1	0.0690354	1	0.0690354	0.133305	1.93096	1.07415
B939	1	0.0402726	1	0.0402726	0.0789233	1.95973	1.04196
B932	1	0.0480135	1	0.0480135	0.0937216	1.95199	1.05044
B933	1	0.0399456	1	0.0399456	0.0782956	1.96005	1.04161
B905	1	0.0575194	1	0.0575194	0.11173	1.94248	1.06103
B916	1	0.0617789	1	0.0617789	0.119741	1.93822	1.06585
B917	1	0.015669	1	0.015669	0.0310926	1.98433	1.01592
B922	1	0.0777749	1	0.0777749	0.149501	1.92223	1.08433
B927	1	0.0782142	1	0.0782142	0.150311	1.92179	1.08485
B928	1	0.0900526	1	0.0900526	0.171996	1.90995	1.09896
B943	1	0.0483913	1	0.0483913	0.0944409	1.95161	1.05085
B30	1	0.0409116	1	0.0409116	0.0801494	1.95909	1.04266
B16	1	0.063784	1	0.063784	0.1235	1.93622	1.06813
B950	1	0.0573269	1	0.0573269	0.111367	1.94267	1.06081
B949	1	0.0686251	1	0.0686251	0.132541	1.93137	1.07368
B956	1	0.0281572	1	0.0281572	0.0555216	1.97184	1.02897
B955	1	0.0729084	1	0.0729084	0.140501	1.92709	1.07864
B954	1	0.0326121	1	0.0326121	0.0641607	1.96739	1.03371
B959	1	0.0539271	1	0.0539271	0.104946	1.94607	1.057
B958	1	0.0331578	1	0.0331578	0.0652161	1.96684	1.03429
B945	1	0.0862901	1	0.0862901	0.165134	1.91371	1.09444
B944	1	0.0218156	1	0.0218156	0.0431552	1.97818	1.0223
B946	1	0.0953181	1	0.0953181	0.181551	1.90468	1.10536
B951	1	0.0874701	1	0.0874701	0.167289	1.91253	1.09585
B957	1	0.0287598	1	0.0287598	0.0566925	1.97124	1.02961
B960	1	0.0582211	1	0.0582211	0.113052	1.94178	1.06182
B961	1	0.0801544	1	0.0801544	0.153884	1.91985	1.08714
B967	1	0.0922764	1	0.0922764	0.176038	1.90772	1.10166
B971	1	0.0807164	1	0.0807164	0.154918	1.91928	1.0878
B976	1	0.0904488	1	0.0904488	0.172717	1.90955	1.09944
B978	1	0.0832172	1	0.0832172	0.159509	1.91678	1.09077
B977	1	0.0450474	1	0.0450474	0.0880656	1.95495	1.04717
B968	1	0.0882459	1	0.0882459	0.168704	1.91175	1.09679
B974	1	0.0468604	1	0.0468604	0.0915249	1.95314	1.04916
B975	1	0.0788136	1	0.0788136	0.151416	1.92119	1.08556
B973	1	0.0570955	1	0.0570955	0.110931	1.9429	1.06055
B972	1	0.0673687	1	0.0673687	0.130199	1.93263	1.07224
B964	1	0.0575422	1	0.0575422	0.111773	1.94246	1.06106
B963	1	0.0647923	1	0.0647923	0.125387	1.93521	1.06928
B962	1	0.0525884	1	0.0525884	0.102411	1.94741	1.05551
B965	1	0.0139607	1	0.0139607	0.0277265	1.98604	1.01416
B966	1	0.0420885	1	0.0420885	0.0824056	1.95791	1.04394
B969	1	0.0997167	1	0.0997167	0.18949	1.90028	1.11076
B970	1	0.0179032	1	0.0179032	0.0354859	1.9821	1.01823
B457	1	0.0856391	1	0.0856391	0.163944	1.91436	1.09366
B456	1	0.061238	1	0.061238	0.118726	1.93876	1.06523
B493	1	0.0113978	1	0.0113978	0.0226656	1.9886	1.01153
B491	1	0.0755916	1	0.0755916	0.145469	1.92441	1.08177
B492	1	0.0763628	1	0.0763628	0.146894	1.92364	1.08268
B489	1	0.0214024	1	0.0214024	0.0423468	1.9786	1.02187
B490	1	0.0360907	1	0.0360907	0.0708789	1.96391	1.03744
B560	1	0.0987043	1	0.0987043	0.187666	1.9013	1.10951
B561	1	0.0762729	1	0.0762729	0.146728	1.92373	1.08257
B585	1	0.0929049	1	0.0929049	0.177179	1.9071	1.10242
B622	1	0.0847116	1	0.0847116	0.162247	1.91529	1.09255
B22	1	0.0227958	1	0.0227958	0.0450719	1.9772	1.02333
B654	1	0.051973	1	0.051973	0.101245	1.94803	1.05482
B653	1	0.0385926	1	0.0385926	0.0756958	1.96141	1.04014
B652	1	0.035254	1	0.035254	0.0692651	1.96475	1.03654
B625	1	0.0366896	1	0.0366896	0.072033	1.96331	1.03809
B623	1	0.0113267	1	0.0113267	0.0225251	1.98867	1.01146
B624	1	0.0198909	1	0.0198909	0.0393861	1.98011	1.02029
B656	1	0.0677845	1	0.0677845	0.130974	1.93222	1.07271
B655	1	0.0832511	1	0.0832511	0.159572	1.91675	1.09081
B677	1	0.029212	1	0.029212	0.0575707	1.97079	1.03009
B676	1	0.0248163	1	0.0248163	0.0490167	1.97518	1.02545
B185	1	0.073763	1	0.073763	0.142085	1.92624	1.07964
B189	1	0.051813	1	0.051813	0.100941	1.94819	1.05464
B191	1	0.0895588	1	0.0895588	0.171097	1.91044	1.09837
B190	1	0.0378424	1	0.0378424	0.0742527	1.96216	1.03933
B204	1	0.0228172	1	0.0228172	0.0451139	1.97718	1.02335
B205	1	0.0771031	1	0.0771031	0.148261	1.9229	1.08354
B196	1	0.0752909	1	0.0752909	0.144913	1.92471	1.08142
B195	1	0.0889987	1	0.0889987	0.170077	1.911	1.09769
B197	1	0.0704016	1	0.0704016	0.135847	1.9296	1.07573
B207	1	0.0838502	1	0.0838502	0.16067	1.91615	1.09152
B208	1	0.0560622	1	0.0560622	0.108981	1.94394	1.05939
B192	1	0.0800063	1	0.0800063	0.153612	1.91999	1.08696
B193	1	0.0164755	1	0.0164755	0.0326796	1.98352	1.01675
B194	1	0.0500952	1	0.0500952	0.0976809	1.9499	1.05274
B206	1	0.0105791	1	0.0105791	0.0210463	1.98942	1.01069
B221	1	0.0429066	1	0.0429066	0.0839723	1.95709	1.04483
B222	1	0.0594959	1	0.0594959	0.115452	1.9405	1.06326
B220	1	0.0356204	1	0.0356204	0.069972	1.96438	1.03694
B219	1	0.0469196	1	0.0469196	0.0916377	1.95308	1.04923
B247	1	0.0307602	1	0.0307602	0.0605742	1.96924	1.03174
B246	1	0.0705372	1	0.0705372	0.136099	1.92946	1.07589
B278	1	0.0443214	1	0.0443214	0.0866784	1.95568	1.04638
B309	1	0.0110665	1	0.0110665	0.0220105	1.98893	1.01119
B310	1	0.093866	1	0.093866	0.178921	1.90613	1.10359
B311	1	0.0933152	1	0.0933152	0.177923	1.90668	1.10292
B244	1	0.0441029	1	0.0441029	0.0862607	1.9559	1.04614
B245	1	0.0291317	1	0.0291317	0.0574148	1.97087	1.03001
B275	1	0.0641343	1	0.0641343	0.124155	1.93587	1.06853
B276	1	0.0386091	1	0.0386091	0.0757275	1.96139	1.04016
B304	1	0.0321353	1	0.0321353	0.0632379	1.96786	1.0332
B306	1	0.0646438	1	0.0646438	0.125109	1.93536	1.06911
B305	1	0.0193192	1	0.0193192	0.0382652	1.98068	1.0197
B337	1	0.0407342	1	0.0407342	0.0798092	1.95927	1.04246
B15	1	0.0178852	1	0.0178852	0.0354505	1.98211	1.01821
B980	1	0.0403688	1	0.0403688	0.079108	1.95963	1.04207
B979	1	0.0998848	1	0.0998848	0.189793	1.90012	1.11097
B983	1	0.0242195	1	0.0242195	0.0478524	1.97578	1.02482
B982	1	0.0931366	1	0.0931366	0.177599	1.90686	1.1027
B981	1	0.0668284	1	0.0668284	0.129191	1.93317	1.07161
B383	1	0.0505451	1	0.0505451	0.0985353	1.94945	1.05324
B384	1	0.0330962	1	0.0330962	0.065097	1.9669	1.03423
B382	1	0.0516505	1	0.0516505	0.100633	1.94835	1.05446
B414	1	0.051533	1	0.051533	0.10041	1.94847	1.05433
B413	1	0.0889214	1	0.0889214	0.169936	1.91108	1.0976
B307	1	0.0460296	1	0.0460296	0.0899405	1.95397	1.04825
B308	1	0.0425825	1	0.0425825	0.0833518	1.95742	1.04448
B338	1	0.0133621	1	0.0133621	0.0265456	1.98664	1.01354
B339	1	0.043077	1	0.043077	0.0842984	1.95692	1.04502
B340	1	0.0168368	1	0.0168368	0.0333901	1.98316	1.01713
B341	1	0.0494645	1	0.0494645	0.0964823	1.95054	1.05204
B342	1	0.0545688	1	0.0545688	0.10616	1.94543	1.05772
B385	1	0.030001	1	0.030001	0.059102	1.97	1.03093
B1	1	0.0178468	1	0.0178468	0.0353751	1.98215	1.01817
B416	1	0.0919033	1	0.0919033	0.17536	1.9081	1.1012
B417	1	0.0114554	1	0.0114554	0.0227796	1.98854	1.01159
B415	1	0.0640351	1	0.0640351	0.12397	1.93596	1.06842
B449	1	0.0444047	1	0.0444047	0.0868377	1.9556	1.04647
B450	1	0.0860263	1	0.0860263	0.164652	1.91397	1.09412
B483	1	0.0697949	1	0.0697949	0.134718	1.93021	1.07503
B482	1	0.0947402	1	0.0947402	0.180505	1.90526	1.10466
B520	1	0.0799733	1	0.0799733	0.153551	1.92003	1.08692
B521	1	0.0335701	1	0.0335701	0.0660133	1.96643	1.03474
B554	1	0.0647517	1	0.0647517	0.125311	1.93525	1.06923
B552	1	0.0102842	1	0.0102842	0.0204626	1.98972	1.01039
B553	1	0.0167646	1	0.0167646	0.0332481	1.98324	1.01705
B580	1	0.0527792	1	0.0527792	0.102773	1.94722	1.05572
B583	1	0.0372449	1	0.0372449	0.0731026	1.96276	1.03869
B582	1	0.0765638	1	0.0765638	0.147266	1.92344	1.08291
B581	1	0.0239632	1	0.0239632	0.0473521	1.97604	1.02455
B518	1	0.0133942	1	0.0133942	0.0266091	1.98661	1.01358
B517	1	0.0396104	1	0.0396104	0.0776519	1.96039	1.04124
B519	1	0.0173089	1	0.0173089	0.0343183	1.98269	1.01761
B549	1	0.0448329	1	0.0448329	0.0876559	1.95517	1.04694
B548	1	0.0425865	1	0.0425865	0.0833594	1.95741	1.04448
B551	1	0.0721672	1	0.0721672	0.139126	1.92783	1.07778
B550	1	0.0334415	1	0.0334415	0.0657647	1.96656	1.0346
B516	1	0.0451608	1	0.0451608	0.088282	1.95484	1.0473
B546	1	0.0489574	1	0.0489574	0.095518	1.95104	1.05148
B545	1	0.0874206	1	0.0874206	0.167199	1.91258	1.0958
B544	1	0.0714069	1	0.0714069	0.137715	1.92859	1.0769
B547	1	0.0921353	1	0.0921353	0.175782	1.90786	1.10149
B579	1	0.0408949	1	0.0408949	0.0801174	1.95911	1.04264
B27	1	0.033879	1	0.033879	0.0666101	1.96612	1.03507
B597	1	0.0539729	1	0.0539729	0.105033	1.94603	1.05705
B596	1	0.0647348	1	0.0647348	0.125279	1.93527	1.06922
B453	1	0.0580268	1	0.0580268	0.112687	1.94197	1.0616
B452	1	0.014813	1	0.014813	0.0294066	1.98519	1.01504
B451	1	0.0466966	1	0.0466966	0.0912127	1.9533	1.04898
B485	1	0.0734864	1	0.0734864	0.141572	1.92651	1.07931
B484	1	0.0754522	1	0.0754522	0.145211	1.92455	1.08161
B486	1	0.0154049	1	0.0154049	0.0305725	1.9846	1.01565
B37	1	0.0458414	1	0.0458414	0.0895814	1.95416	1.04804
B7	1	0.0398978	1	0.0398978	0.0782038	1.9601	1.04156
B277	1	0.0322318	1	0.0322318	0.0634248	1.96777	1.03331
B224	1	0.0561082	1	0.0561082	0.109068	1.94389	1.05944
B223	1	0.0260417	1	0.0260417	0.0514053	1.97396	1.02674
B248	1	0.038826	1	0.038826	0.0761445	1.96117	1.04039
B249	1	0.040587	1	0.040587	0.0795267	1.95941	1.0423
B280	1	0.0747504	1	0.0747504	0.143913	1.92525	1.08079
B281	1	0.0740349	1	0.0740349	0.142589	1.92597	1.07995
B279	1	0.0986355	1	0.0986355	0.187542	1.90136	1.10943
B621	1	0.0945015	1	0.0945015	0.180072	1.9055	1.10436
B620	1	0.0525929	1	0.0525929	0.10242	1.94741	1.05551
B619	1	0.0398532	1	0.0398532	0.078118	1.96015	1.04151
B258	1	0.0394806	1	0.0394806	0.0774025	1.96052	1.0411
B324	1	0.0631415	1	0.0631415	0.122296	1.93686	1.0674
B323	1	0.0359054	1	0.0359054	0.0705215	1.96409	1.03724
B366	1	0.059027	1	0.059027	0.11457	1.94097	1.06273
B367	1	0.0696956	1	0.0696956	0.134534	1.9303	1.07492
B326	1	0.0589731	1	0.0589731	0.114468	1.94103	1.06267
B327	1	0.0160249	1	0.0160249	0.0317931	1.98398	1.01629
B325	1	0.0120397	1	0.0120397	0.0239344	1.98796	1.01219
B586	1	0.0434576	1	0.0434576	0.0850267	1.95654	1.04543
B587	1	0.0529411	1	0.0529411	0.103079	1.94706	1.0559
B601	1	0.0212931	1	0.0212931	0.0421327	1.97871	1.02176
B600	1	0.0701349	1	0.0701349	0.135351	1.92987	1.07542
B562	1	0.0237634	1	0.0237634	0.0469621	1.97624	1.02434
B588	1	0.021685	1	0.021685	0.0428998	1.97832	1.02217
B626	1	0.0945293	1	0.0945293	0.180123	1.90547	1.1044
B335	1	0.0437337	1	0.0437337	0.0855549	1.95627	1.04573
B336	1	0.0590368	1	0.0590368	0.114588	1.94096	1.06274
B381	1	0.0798144	1	0.0798144	0.153258	1.92019	1.08674
B409	1	0.071451	1	0.071451	0.137797	1.92855	1.07695
B411	1	0.0303403	1	0.0303403	0.05976	1.96966	1.03129
B410	1	0.0567521	1	0.0567521	0.110283	1.94325	1.06017
B412	1	0.0204149	1	0.0204149	0.0404131	1.97959	1.02084
B431	1	0.0613525	1	0.0613525	0.118941	1.93865	1.06536
B446	1	0.08819	1	0.08819	0.168603	1.91181	1.09672
B447	1	0.0527513	1	0.0527513	0.10272	1.94725	1.05569
B448	1	0.0981304	1	0.0981304	0.186631	1.90187	1.10881
B481	1	0.036	1	0.036	0.0707039	1.964	1.03734
B480	1	0.0933847	1	0.0933847	0.178049	1.90662	1.103
B515	1	0.0262915	1	0.0262915	0.0518918	1.97371	1.027
B542	1	0.0852479	1	0.0852479	0.163229	1.91475	1.09319
B543	1	0.0741661	1	0.0741661	0.142832	1.92583	1.08011
B578	1	0.0941324	1	0.0941324	0.179404	1.90587	1.10391
B577	1	0.0426792	1	0.0426792	0.0835369	1.95732	1.04458
B540	1	0.0318399	1	0.0318399	0.062666	1.96816	1.03289
B541	1	0.0438718	1	0.0438718	0.0858188	1.95613	1.04588
B576	1	0.0731369	1	0.0731369	0.140925	1.92686	1.07891
B575	1	0.0912291	1	0.0912291	0.174135	1.90877	1.10039
B514	1	0.0135978	1	0.0135978	0.0270108	1.9864	1.01379
B539	1	0.0184449	1	0.0184449	0.0365495	1.98156	1.01879
B537	1	0.0906209	1	0.0906209	0.17303	1.90938	1.09965
B538	1	0.0205889	1	0.0205889	0.040754	1.97941	1.02102
B574	1	0.0608901	1	0.0608901	0.118073	1.93911	1.06484
B573	1	0.067016	1	0.067016	0.129541	1.93298	1.07183
B31	1	0.0821347	1	0.0821347	0.157523	1.91787	1.08948
B657	1	0.0870085	1	0.0870085	0.166447	1.91299	1.0953
B678	1	0.0810102	1	0.0810102	0.155458	1.91899	1.08815
B679	1	0.0583215	1	0.0583215	0.113242	1.94168	1.06193
B693	1	0.0404449	1	0.0404449	0.079254	1.95956	1.04215
B695	1	0.0545605	1	0.0545605	0.106144	1.94544	1.05771
B694	1	0.0653991	1	0.0653991	0.126521	1.9346	1.06998
B659	1	0.0784549	1	0.0784549	0.150755	1.92155	1.08513
B658	1	0.0815308	1	0.0815308	0.156414	1.91847	1.08877
B680	1	0.0886146	1	0.0886146	0.169377	1.91139	1.09723
B696	1	0.090649	1	0.090649	0.173081	1.90935	1.09969
B712	1	0.0685271	1	0.0685271	0.132358	1.93147	1.07357
B713	1	0.0726178	1	0.0726178	0.139962	1.92738	1.0783
B34	1	0.0574367	1	0.0574367	0.111575	1.94256	1.06094
B736	1	0.0691812	1	0.0691812	0.133576	1.93082	1.07432
B735	1	0.0920802	1	0.0920802	0.175682	1.90792	1.10142
B739	1	0.028551	1	0.028551	0.0562868	1.97145	1.02939
B738	1	0.0816616	1	0.0816616	0.156655	1.91834	1.08892
B737	1	0.0363788	1	0.0363788	0.0714341	1.96362	1.03775
B752	1	0.05589	1	0.05589	0.108656	1.94411	1.0592
B750	1	0.064446	1	0.064446	0.124739	1.93555	1.06889
B751	1	0.0792976	1	0.0792976	0.152307	1.9207	1.08613
B770	1	0.0225729	1	0.0225729	0.0446362	1.97743	1.02309
B769	1	0.089604	1	0.089604	0.171179	1.9104	1.09842
B740	1	0.0995799	1	0.0995799	0.189244	1.90042	1.11059
B741	1	0.0691972	1	0.0691972	0.133606	1.9308	1.07434
B754	1	0.0618133	1	0.0618133	0.119806	1.93819	1.06589
B753	1	0.0887422	1	0.0887422	0.169609	1.91126	1.09738
B714	1	0.0549562	1	0.0549562	0.106892	1.94504	1.05815
B44	1	0.0537523	1	0.0537523	0.104615	1.94625	1.05681
B715	1	0.0319296	1	0.0319296	0.0628397	1.96807	1.03298
B727	1	0.073705	1	0.073705	0.141978	1.9263	1.07957
B21	1	0.0183488	1	0.0183488	0.0363609	1.98165	1.01869
B742	1	0.0922383	1	0.0922383	0.175969	1.90776	1.10161
B2	1	0.0466518	1	0.0466518	0.0911271	1.95335	1.04893
B772	1	0.0400705	1	0.0400705	0.0785353	1.95993	1.04174
B771	1	0.0614299	1	0.0614299	0.119086	1.93857	1.06545
B779	1	0.0336608	1	0.0336608	0.0661885	1.96634	1.03483
B785	1	0.0753582	1	0.0753582	0.145038	1.92464	1.0815
B784	1	0.0790333	1	0.0790333	0.15182	1.92097	1.08582
B628	1	0.0561124	1	0.0561124	0.109076	1.94389	1.05945
B627	1	0.0662329	1	0.0662329	0.128079	1.93377	1.07093
B629	1	0.01631	1	0.01631	0.0323539	1.98369	1.01658
B930	1	0.0645541	1	0.0645541	0.124941	1.93545	1.06901
B929	1	0.0522329	1	0.0522329	0.101738	1.94777	1.05511
B931	1	0.0231927	1	0.0231927	0.0458474	1.97681	1.02374
B936	1	0.0636084	1	0.0636084	0.123171	1.93639	1.06793
B935	1	0.0475241	1	0.0475241	0.0927896	1.95248	1.0499
B912	1	0.0586068	1	0.0586068	0.113779	1.94139	1.06226
B915	1	0.0110528	1	0.0110528	0.0219834	1.98895	1.01118
B914	1	0.05711	1	0.05711	0.110958	1.94289	1.06057
B913	1	0.0541218	1	0.0541218	0.105314	1.94588	1.05722
B892	1	0.0325204	1	0.0325204	0.0639833	1.96748	1.03361
B890	1	0.0432783	1	0.0432783	0.0846836	1.95672	1.04524
B891	1	0.0506165	1	0.0506165	0.098671	1.94938	1.05332
B896	1	0.0129971	1	0.0129971	0.0258252	1.987	1.01317
B895	1	0.0164044	1	0.0164044	0.0325397	1.9836	1.01668
B871	1	0.0762907	1	0.0762907	0.146761	1.92371	1.08259
B872	1	0.0253453	1	0.0253453	0.0500483	1.97465	1.026
B875	1	0.016945	1	0.016945	0.0336029	1.98306	1.01724
B874	1	0.0895783	1	0.0895783	0.171132	1.91042	1.09839
B873	1	0.0575847	1	0.0575847	0.111853	1.94242	1.0611
B838	1	0.0597925	1	0.0597925	0.11601	1.94021	1.0636
B842	1	0.0707754	1	0.0707754	0.136542	1.92922	1.07617
B841	1	0.0139975	1	0.0139975	0.0277991	1.986	1.0142
B846	1	0.0469529	1	0.0469529	0.0917012	1.95305	1.04927
B850	1	0.0103818	1	0.0103818	0.0206558	1.98962	1.01049
B849	1	0.0387162	1	0.0387162	0.0759335	1.96128	1.04028
B848	1	0.0691729	1	0.0691729	0.133561	1.93083	1.07431
B853	1	0.0450033	1	0.0450033	0.0879812	1.955	1.04712
B856	1	0.0368663	1	0.0368663	0.0723734	1.96313	1.03828
B855	1	0.0546248	1	0.0546248	0.106266	1.94538	1.05778
B854	1	0.0350746	1	0.0350746	0.068919	1.96493	1.03635
B843	1	0.0754233	1	0.0754233	0.145158	1.92458	1.08158
B816	1	0.0610254	1	0.0610254	0.118327	1.93897	1.06499
B815	1	0.073726	1	0.073726	0.142016	1.92627	1.07959
B817	1	0.0131689	1	0.0131689	0.0261643	1.98683	1.01334
B818	1	0.0838804	1	0.0838804	0.160725	1.91612	1.09156
B810	1	0.0533978	1	0.0533978	0.103944	1.9466	1.05641
B809	1	0.0774669	1	0.0774669	0.148933	1.92253	1.08397
B800	1	0.0588139	1	0.0588139	0.114169	1.94119	1.06249
B805	1	0.0170053	1	0.0170053	0.0337214	1.98299	1.0173
B804	1	0.058553	1	0.058553	0.113677	1.94145	1.06219
B803	1	0.046737	1	0.046737	0.0912896	1.95326	1.04903
B806	1	0.0826399	1	0.0826399	0.15845	1.91736	1.09008
B811	1	0.022233	1	0.022233	0.0439716	1.97777	1.02274
B820	1	0.0857124	1	0.0857124	0.164078	1.91429	1.09375
B819	1	0.0192621	1	0.0192621	0.0381532	1.98074	1.01964
B827	1	0.0759529	1	0.0759529	0.146137	1.92405	1.0822
B830	1	0.0947176	1	0.0947176	0.180464	1.90528	1.10463
B829	1	0.0904248	1	0.0904248	0.172673	1.90958	1.09941
B828	1	0.0233474	1	0.0233474	0.0461496	1.97665	1.02391
B833	1	0.0829703	1	0.0829703	0.159057	1.91703	1.09048
B832	1	0.064263	1	0.064263	0.124396	1.93574	1.06868
B831	1	0.0464387	1	0.0464387	0.0907209	1.95356	1.0487
B823	1	0.0710395	1	0.0710395	0.137032	1.92896	1.07647
B821	1	0.0695601	1	0.0695601	0.134282	1.93044	1.07476
B822	1	0.081911	1	0.081911	0.157113	1.91809	1.08922
B835	1	0.0622093	1	0.0622093	0.120549	1.93779	1.06634
B834	1	0.0485345	1	0.0485345	0.0947134	1.95147	1.05101
B836	1	0.0666062	1	0.0666062	0.128776	1.93339	1.07136
B589	1	0.0701554	1	0.0701554	0.135389	1.92984	1.07545
B590	1	0.097965	1	0.097965	0.186333	1.90204	1.1086
B604	1	0.0971506	1	0.0971506	0.184863	1.90285	1.1076
B602	1	0.0414413	1	0.0414413	0.0811652	1.95856	1.04323
B603	1	0.0949025	1	0.0949025	0.180798	1.9051	1.10485
B630	1	0.0747649	1	0.0747649	0.14394	1.92524	1.08081
B661	1	0.0359115	1	0.0359115	0.0705333	1.96409	1.03725
B660	1	0.0669094	1	0.0669094	0.129342	1.93309	1.07171
B685	1	0.0756976	1	0.0756976	0.145665	1.9243	1.0819
B684	1	0.09046	1	0.09046	0.172737	1.90954	1.09946
B683	1	0.0746413	1	0.0746413	0.143711	1.92536	1.08066
B698	1	0.0577933	1	0.0577933	0.112246	1.94221	1.06134
B720	1	0.0483392	1	0.0483392	0.0943418	1.95166	1.05079
B719	1	0.0303539	1	0.0303539	0.0597865	1.96965	1.0313
B718	1	0.0287849	1	0.0287849	0.0567413	1.97122	1.02964
B730	1	0.0942855	1	0.0942855	0.179681	1.90571	1.1041
B732	1	0.0866553	1	0.0866553	0.165802	1.91334	1.09488
B731	1	0.0876342	1	0.0876342	0.167589	1.91237	1.09605
B722	1	0.0881708	1	0.0881708	0.168567	1.91183	1.0967
B721	1	0.0440012	1	0.0440012	0.0860662	1.956	1.04603
B12	1	0.0320647	1	0.0320647	0.0631013	1.96794	1.03313
B749	1	0.0106176	1	0.0106176	0.0211225	1.98938	1.01073
B748	1	0.0705828	1	0.0705828	0.136184	1.92942	1.07594
B762	1	0.0394798	1	0.0394798	0.0774009	1.96052	1.0411
B761	1	0.037467	1	0.037467	0.0735302	1.96253	1.03893
B241	1	0.0886679	1	0.0886679	0.169474	1.91133	1.09729
B242	1	0.0751701	1	0.0751701	0.14469	1.92483	1.08128
B243	1	0.0933726	1	0.0933726	0.178027	1.90663	1.10299
B270	1	0.0968072	1	0.0968072	0.184243	1.90319	1.10718
B298	1	0.0228276	1	0.0228276	0.0451342	1.97717	1.02336
B297	1	0.041851	1	0.041851	0.0819505	1.95815	1.04368
B333	1	0.0803759	1	0.0803759	0.154292	1.91962	1.0874
B332	1	0.0143339	1	0.0143339	0.0284624	1.98567	1.01454
B334	1	0.0590723	1	0.0590723	0.114655	1.94093	1.06278
B380	1	0.0749841	1	0.0749841	0.144346	1.92502	1.08106
B379	1	0.0522208	1	0.0522208	0.101715	1.94778	1.0551
B765	1	0.0265996	1	0.0265996	0.0524917	1.9734	1.02733
B764	1	0.0368602	1	0.0368602	0.0723617	1.96314	1.03827
B763	1	0.0318827	1	0.0318827	0.062749	1.96812	1.03293
B776	1	0.0110224	1	0.0110224	0.0219232	1.98898	1.01115
B777	1	0.0963798	1	0.0963798	0.18347	1.90362	1.10666
B767	1	0.0792513	1	0.0792513	0.152222	1.92075	1.08607
B768	1	0.0541499	1	0.0541499	0.105368	1.94585	1.05725
B766	1	0.0557805	1	0.0557805	0.10845	1.94422	1.05908
B778	1	0.0240145	1	0.0240145	0.0474523	1.97599	1.02461
B781	1	0.0592623	1	0.0592623	0.115013	1.94074	1.063
B780	1	0.0953118	1	0.0953118	0.181539	1.90469	1.10535
B786	1	0.0102603	1	0.0102603	0.0204153	1.98974	1.01037
B787	1	0.0209748	1	0.0209748	0.0415097	1.97903	1.02142
B782	1	0.0673765	1	0.0673765	0.130213	1.93262	1.07224
B783	1	0.0871615	1	0.0871615	0.166726	1.91284	1.09548
B681	1	0.0718253	1	0.0718253	0.138492	1.92817	1.07738
B682	1	0.0220575	1	0.0220575	0.0436284	1.97794	1.02255
B697	1	0.0738996	1	0.0738996	0.142338	1.9261	1.0798
B716	1	0.0803426	1	0.0803426	0.15423	1.91966	1.08736
B717	1	0.0893093	1	0.0893093	0.170642	1.91069	1.09807
B729	1	0.0140106	1	0.0140106	0.0278249	1.98599	1.01421
B746	1	0.0607087	1	0.0607087	0.117732	1.93929	1.06463
B745	1	0.036418	1	0.036418	0.0715096	1.96358	1.03779
B747	1	0.0806316	1	0.0806316	0.154762	1.91937	1.0877
B755	1	0.0616042	1	0.0616042	0.119413	1.9384	1.06565
B756	1	0.052788	1	0.052788	0.102789	1.94721	1.05573
B775	1	0.0837861	1	0.0837861	0.160552	1.91621	1.09145
B774	1	0.0300898	1	0.0300898	0.0592742	1.96991	1.03102
B773	1	0.0304029	1	0.0304029	0.0598814	1.9696	1.03136
B759	1	0.0671883	1	0.0671883	0.129862	1.93281	1.07203
B758	1	0.0127815	1	0.0127815	0.0253997	1.98722	1.01295
B757	1	0.0306269	1	0.0306269	0.0603158	1.96937	1.03159
B760	1	0.0619398	1	0.0619398	0.120043	1.93806	1.06603
B728	1	0.0443486	1	0.0443486	0.0867303	1.95565	1.04641
B743	1	0.0227659	1	0.0227659	0.0450136	1.97723	1.0233
B744	1	0.0974512	1	0.0974512	0.185406	1.90255	1.10797
B605	1	0.0466559	1	0.0466559	0.091135	1.95334	1.04894
B606	1	0.045883	1	0.045883	0.0896607	1.95412	1.04809
B633	1	0.0256755	1	0.0256755	0.0506917	1.97432	1.02635
B632	1	0.0988769	1	0.0988769	0.187977	1.90112	1.10973
B631	1	0.0926913	1	0.0926913	0.176791	1.90731	1.10216
B423	1	0.0726717	1	0.0726717	0.140062	1.92733	1.07837
B439	1	0.0403676	1	0.0403676	0.0791056	1.95963	1.04207
B463	1	0.0851206	1	0.0851206	0.162996	1.91488	1.09304
B464	1	0.0579428	1	0.0579428	0.112528	1.94206	1.06151
B462	1	0.086227	1	0.086227	0.165019	1.91377	1.09436
B461	1	0.0931762	1	0.0931762	0.177671	1.90682	1.10275
B495	1	0.0852738	1	0.0852738	0.163276	1.91473	1.09322
B494	1	0.0160722	1	0.0160722	0.0318862	1.98393	1.01633
B5	1	0.0134338	1	0.0134338	0.0266872	1.98657	1.01362
B523	1	0.020515	1	0.020515	0.0406092	1.97948	1.02094
B524	1	0.0359353	1	0.0359353	0.0705792	1.96406	1.03727
B497	1	0.0457443	1	0.0457443	0.0893961	1.95426	1.04794
B496	1	0.024699	1	0.024699	0.0487879	1.9753	1.02532
B526	1	0.0706797	1	0.0706797	0.136364	1.92932	1.07606
B525	1	0.0230573	1	0.0230573	0.045583	1.97694	1.0236
B438	1	0.0256838	1	0.0256838	0.050708	1.97432	1.02636
B437	1	0.0194573	1	0.0194573	0.038536	1.98054	1.01984
B436	1	0.043915	1	0.043915	0.0859014	1.95609	1.04593
B460	1	0.0649823	1	0.0649823	0.125742	1.93502	1.0695
B459	1	0.0708197	1	0.0708197	0.136624	1.92918	1.07622
B458	1	0.0156133	1	0.0156133	0.0309828	1.98439	1.01586
B634	1	0.0955601	1	0.0955601	0.181988	1.90444	1.10566
B39	1	0.0561477	1	0.0561477	0.109143	1.94385	1.05949
B665	1	0.0200455	1	0.0200455	0.0396891	1.97995	1.02046
B664	1	0.0944518	1	0.0944518	0.179982	1.90555	1.1043
B663	1	0.0394053	1	0.0394053	0.0772578	1.96059	1.04102
B705	1	0.0523522	1	0.0523522	0.101964	1.94765	1.05524
B704	1	0.0460893	1	0.0460893	0.0900544	1.95391	1.04832
B706	1	0.0515905	1	0.0515905	0.100519	1.94841	1.0544
B708	1	0.0320333	1	0.0320333	0.0630405	1.96797	1.03309
B707	1	0.0402165	1	0.0402165	0.0788156	1.95978	1.0419
B724	1	0.0725514	1	0.0725514	0.139839	1.92745	1.07823
B723	1	0.0999709	1	0.0999709	0.189948	1.90003	1.11108
B662	1	0.0768074	1	0.0768074	0.147715	1.92319	1.0832
B686	1	0.0930086	1	0.0930086	0.177367	1.90699	1.10255
B701	1	0.0786936	1	0.0786936	0.151194	1.92131	1.08542
B700	1	0.0945963	1	0.0945963	0.180244	1.9054	1.10448
B699	1	0.0942331	1	0.0942331	0.179586	1.90577	1.10404
B702	1	0.0133314	1	0.0133314	0.026485	1.98667	1.01351
B703	1	0.0986905	1	0.0986905	0.187641	1.90131	1.1095
B687	1	0.0211497	1	0.0211497	0.0418521	1.97885	1.02161
B688	1	0.0657923	1	0.0657923	0.127256	1.93421	1.07043
B500	1	0.025864	1	0.025864	0.051059	1.97414	1.02655
B527	1	0.0826068	1	0.0826068	0.15839	1.91739	1.09005
B528	1	0.0226446	1	0.0226446	0.0447764	1.97736	1.02317
B504	1	0.0100319	1	0.0100319	0.0199632	1.98997	1.01013
B503	1	0.0162528	1	0.0162528	0.0322414	1.98375	1.01652
B502	1	0.0444437	1	0.0444437	0.0869122	1.95556	1.04651
B532	1	0.0319056	1	0.0319056	0.0627931	1.96809	1.03296
B530	1	0.0216673	1	0.0216673	0.0428651	1.97833	1.02215
B531	1	0.0239341	1	0.0239341	0.0472954	1.97607	1.02452
B567	1	0.0810215	1	0.0810215	0.155478	1.91898	1.08816
B595	1	0.0110996	1	0.0110996	0.0220761	1.9889	1.01122
B101	1	0.0308376	1	0.0308376	0.0607242	1.96916	1.03182
B102	1	0.0711667	1	0.0711667	0.137269	1.92883	1.07662
B107	1	0.022934	1	0.022934	0.0453421	1.97707	1.02347
B106	1	0.05328	1	0.05328	0.103721	1.94672	1.05628
B108	1	0.0826513	1	0.0826513	0.158471	1.91735	1.0901
B120	1	0.0423167	1	0.0423167	0.0828427	1.95768	1.04419
B128	1	0.0311557	1	0.0311557	0.0613408	1.96884	1.03216
B137	1	0.0961375	1	0.0961375	0.183033	1.90386	1.10636
B138	1	0.0488686	1	0.0488686	0.095349	1.95113	1.05138
B105	1	0.080688	1	0.080688	0.154865	1.91931	1.08777
B103	1	0.0891641	1	0.0891641	0.170378	1.91084	1.09789
B104	1	0.0383773	1	0.0383773	0.0752818	1.96162	1.03991
B593	1	0.0827444	1	0.0827444	0.158642	1.91726	1.09021
B594	1	0.074531	1	0.074531	0.143507	1.92547	1.08053
B613	1	0.0832191	1	0.0832191	0.159513	1.91678	1.09077
B611	1	0.0862612	1	0.0862612	0.165081	1.91374	1.0944
B612	1	0.0286948	1	0.0286948	0.0565663	1.97131	1.02954
B643	1	0.0364636	1	0.0364636	0.0715975	1.96354	1.03784
B642	1	0.0569645	1	0.0569645	0.110684	1.94304	1.06041
B674	1	0.0660394	1	0.0660394	0.127718	1.93396	1.07071
B675	1	0.0496547	1	0.0496547	0.0968439	1.95035	1.05225
B692	1	0.0754361	1	0.0754361	0.145182	1.92456	1.08159
B43	1	0.0901089	1	0.0901089	0.172098	1.90989	1.09903
B691	1	0.0317254	1	0.0317254	0.0624443	1.96827	1.03276
B505	1	0.0988048	1	0.0988048	0.187847	1.9012	1.10964
B508	1	0.0878441	1	0.0878441	0.167972	1.91216	1.0963
B507	1	0.0509789	1	0.0509789	0.0993589	1.94902	1.05372
B506	1	0.0267979	1	0.0267979	0.0528777	1.9732	1.02754
B470	1	0.0725079	1	0.0725079	0.139758	1.92749	1.07818
B472	1	0.0188319	1	0.0188319	0.0373092	1.98117	1.01919
B471	1	0.0983487	1	0.0983487	0.187025	1.90165	1.10908
B465	1	0.0449234	1	0.0449234	0.0878286	1.95508	1.04704
B499	1	0.0294784	1	0.0294784	0.0580877	1.97052	1.03037
B498	1	0.0676041	1	0.0676041	0.130638	1.9324	1.07251
B467	1	0.0189077	1	0.0189077	0.037458	1.98109	1.01927
B466	1	0.0734659	1	0.0734659	0.141535	1.92653	1.07929
B793	1	0.0406761	1	0.0406761	0.0796977	1.95932	1.0424
B792	1	0.0364299	1	0.0364299	0.0715327	1.96357	1.03781
B794	1	0.0511179	1	0.0511179	0.0996228	1.94888	1.05387
B795	1	0.0386508	1	0.0386508	0.0758076	1.96135	1.0402
B38	1	0.0792351	1	0.0792351	0.152192	1.92076	1.08605
B48	1	0.0778756	1	0.0778756	0.149687	1.92212	1.08445
B398	1	0.0342953	1	0.0342953	0.0674145	1.9657	1.03551
B397	1	0.0213604	1	0.0213604	0.0422644	1.97864	1.02183
B396	1	0.0260399	1	0.0260399	0.0514016	1.97396	1.02674
B289	1	0.0845225	1	0.0845225	0.161901	1.91548	1.09233
B360	1	0.0712187	1	0.0712187	0.137365	1.92878	1.07668
B361	1	0.025211	1	0.025211	0.0497865	1.97479	1.02586
B395	1	0.0472312	1	0.0472312	0.0922315	1.95277	1.04957
B394	1	0.085638	1	0.085638	0.163942	1.91436	1.09366
B316	1	0.0141183	1	0.0141183	0.0280374	1.98588	1.01432
B359	1	0.0406268	1	0.0406268	0.079603	1.95937	1.04235
B393	1	0.099714	1	0.099714	0.189485	1.90029	1.11076
B392	1	0.0356591	1	0.0356591	0.0700465	1.96434	1.03698
B358	1	0.035101	1	0.035101	0.0689699	1.9649	1.03638
B357	1	0.0545628	1	0.0545628	0.106148	1.94544	1.05771
B356	1	0.0561438	1	0.0561438	0.109135	1.94386	1.05948
B233	1	0.0508759	1	0.0508759	0.0991635	1.94912	1.0536
B256	1	0.0429971	1	0.0429971	0.0841455	1.957	1.04493
B257	1	0.055698	1	0.055698	0.108294	1.9443	1.05898
B291	1	0.0924219	1	0.0924219	0.176302	1.90758	1.10183
B290	1	0.0998533	1	0.0998533	0.189736	1.90015	1.11093
B322	1	0.0412441	1	0.0412441	0.0807871	1.95876	1.04302
B321	1	0.0320043	1	0.0320043	0.0629844	1.968	1.03306
B365	1	0.0942047	1	0.0942047	0.179535	1.9058	1.104
B400	1	0.0258627	1	0.0258627	0.0510565	1.97414	1.02655
B426	1	0.0145215	1	0.0145215	0.0288321	1.98548	1.01474
B475	1	0.0301486	1	0.0301486	0.0593882	1.96985	1.03109
B474	1	0.037728	1	0.037728	0.0740327	1.96227	1.03921
B473	1	0.0302558	1	0.0302558	0.0595963	1.96974	1.0312
B509	1	0.0343084	1	0.0343084	0.0674398	1.96569	1.03553
B510	1	0.0863371	1	0.0863371	0.16522	1.91366	1.0945
B535	1	0.0667032	1	0.0667032	0.128957	1.9333	1.07147
B536	1	0.079813	1	0.079813	0.153256	1.92019	1.08674
B533	1	0.0427279	1	0.0427279	0.0836302	1.95727	1.04464
B534	1	0.0163	1	0.0163	0.0323343	1.9837	1.01657
B570	1	0.0114473	1	0.0114473	0.0227636	1.98855	1.01158
B569	1	0.0634532	1	0.0634532	0.12288	1.93655	1.06775
B568	1	0.0845112	1	0.0845112	0.16188	1.91549	1.09231
B572	1	0.0624742	1	0.0624742	0.121045	1.93753	1.06664
B571	1	0.0518797	1	0.0518797	0.101068	1.94812	1.05472
B476	1	0.039481	1	0.039481	0.0774032	1.96052	1.0411
B477	1	0.0863924	1	0.0863924	0.165321	1.91361	1.09456
B478	1	0.0834115	1	0.0834115	0.159865	1.91659	1.091
B511	1	0.0102905	1	0.0102905	0.0204751	1.98971	1.0104
B512	1	0.017603	1	0.017603	0.0348961	1.9824	1.01792
B513	1	0.0405516	1	0.0405516	0.0794587	1.95945	1.04227
B443	1	0.0807762	1	0.0807762	0.155028	1.91922	1.08787
B442	1	0.0711549	1	0.0711549	0.137247	1.92885	1.07661
B441	1	0.0951029	1	0.0951029	0.181161	1.9049	1.1051
B93	1	0.0315984	1	0.0315984	0.0621984	1.9684	1.03263
B92	1	0.0913965	1	0.0913965	0.17444	1.9086	1.10059
B100	1	0.0479237	1	0.0479237	0.0935508	1.95208	1.05034
B119	1	0.0549601	1	0.0549601	0.1069	1.94504	1.05816
B218	1	0.0371116	1	0.0371116	0.0728459	1.96289	1.03854
B274	1	0.0501798	1	0.0501798	0.0978416	1.94982	1.05283
B303	1	0.0411509	1	0.0411509	0.0806083	1.95885	1.04292
B300	1	0.0908856	1	0.0908856	0.173511	1.90911	1.09997
B301	1	0.0112333	1	0.0112333	0.0223404	1.98877	1.01136
B302	1	0.0974353	1	0.0974353	0.185377	1.90256	1.10795
B299	1	0.0680935	1	0.0680935	0.13155	1.93191	1.07307
B272	1	0.052748	1	0.052748	0.102714	1.94725	1.05569
B273	1	0.0885828	1	0.0885828	0.169319	1.91142	1.09719
B271	1	0.0688565	1	0.0688565	0.132972	1.93114	1.07395
B217	1	0.0377493	1	0.0377493	0.0740737	1.96225	1.03923
B216	1	0.093434	1	0.093434	0.178138	1.90657	1.10306
B240	1	0.0439493	1	0.0439493	0.0859671	1.95605	1.04597
B239	1	0.0900838	1	0.0900838	0.172053	1.90992	1.099
B267	1	0.0800212	1	0.0800212	0.153639	1.91998	1.08698
B268	1	0.0998118	1	0.0998118	0.189661	1.90019	1.11088
B269	1	0.0796155	1	0.0796155	0.152892	1.92038	1.0865
B294	1	0.0306937	1	0.0306937	0.0604453	1.96931	1.03167
B296	1	0.0225347	1	0.0225347	0.0445616	1.97747	1.02305
B295	1	0.0726173	1	0.0726173	0.139961	1.92738	1.0783
B328	1	0.0688841	1	0.0688841	0.133023	1.93112	1.07398
B374	1	0.0113733	1	0.0113733	0.0226172	1.98863	1.0115
B376	1	0.0558423	1	0.0558423	0.108566	1.94416	1.05915
B375	1	0.0181303	1	0.0181303	0.035932	1.98187	1.01847
B405	1	0.0955291	1	0.0955291	0.181932	1.90447	1.10562
B430	1	0.0493944	1	0.0493944	0.096349	1.95061	1.05196
B429	1	0.0713777	1	0.0713777	0.137661	1.92862	1.07686
B428	1	0.0432073	1	0.0432073	0.0845478	1.95679	1.04516
B202	1	0.095593	1	0.095593	0.182048	1.90441	1.1057
B203	1	0.0107009	1	0.0107009	0.0212873	1.9893	1.01082
B187	1	0.0729454	1	0.0729454	0.14057	1.92705	1.07869
B188	1	0.0237393	1	0.0237393	0.046915	1.97626	1.02432
B181	1	0.0548014	1	0.0548014	0.1066	1.9452	1.05798
B182	1	0.0659837	1	0.0659837	0.127613	1.93402	1.07065
B186	1	0.0493179	1	0.0493179	0.0962035	1.95068	1.05188
B199	1	0.0454001	1	0.0454001	0.0887391	1.9546	1.04756
B212	1	0.0747476	1	0.0747476	0.143908	1.92525	1.08079
B211	1	0.0547337	1	0.0547337	0.106472	1.94527	1.0579
B228	1	0.0599042	1	0.0599042	0.11622	1.9401	1.06372
B229	1	0.0925106	1	0.0925106	0.176463	1.90749	1.10194
B230	1	0.020603	1	0.020603	0.0407815	1.9794	1.02104
B252	1	0.0708377	1	0.0708377	0.136657	1.92916	1.07624
B287	1	0.0774524	1	0.0774524	0.148906	1.92255	1.08395
B313	1	0.0802559	1	0.0802559	0.154071	1.91974	1.08726
B350	1	0.010386	1	0.010386	0.0206641	1.98961	1.01049
B349	1	0.034098	1	0.034098	0.0670332	1.9659	1.0353
B391	1	0.0213627	1	0.0213627	0.042269	1.97864	1.02183
B390	1	0.0359428	1	0.0359428	0.0705937	1.96406	1.03728
B422	1	0.0542219	1	0.0542219	0.105504	1.94578	1.05733
B421	1	0.0154021	1	0.0154021	0.030567	1.9846	1.01564
B420	1	0.0630466	1	0.0630466	0.122118	1.93695	1.06729
B418	1	0.0621547	1	0.0621547	0.120446	1.93785	1.06627
B419	1	0.0481748	1	0.0481748	0.0940287	1.95183	1.05061
B432	1	0.0193879	1	0.0193879	0.0383998	1.98061	1.01977
B433	1	0.0857741	1	0.0857741	0.164191	1.91423	1.09382
B455	1	0.0440657	1	0.0440657	0.0861896	1.95593	1.0461
B454	1	0.0134425	1	0.0134425	0.0267043	1.98656	1.01363
B488	1	0.0528828	1	0.0528828	0.102969	1.94712	1.05584
B487	1	0.0816572	1	0.0816572	0.156647	1.91834	1.08892
B522	1	0.0548993	1	0.0548993	0.106785	1.9451	1.05809
B556	1	0.0447729	1	0.0447729	0.0875413	1.95523	1.04687
B555	1	0.0257735	1	0.0257735	0.0508826	1.97423	1.02646
B558	1	0.0261354	1	0.0261354	0.0515877	1.97386	1.02684
B557	1	0.058338	1	0.058338	0.113273	1.94166	1.06195
B559	1	0.0484496	1	0.0484496	0.0945519	1.95155	1.05092
B584	1	0.0632084	1	0.0632084	0.122422	1.93679	1.06747
B647	1	0.0821953	1	0.0821953	0.157635	1.9178	1.08956
B646	1	0.0206121	1	0.0206121	0.0407993	1.97939	1.02105
B645	1	0.0681483	1	0.0681483	0.131652	1.93185	1.07313
B644	1	0.0420029	1	0.0420029	0.0822416	1.958	1.04384
B616	1	0.0696072	1	0.0696072	0.134369	1.93039	1.07481
B614	1	0.0277918	1	0.0277918	0.0548113	1.97221	1.02859
B615	1	0.0690536	1	0.0690536	0.133339	1.93095	1.07418
B651	1	0.0527457	1	0.0527457	0.102709	1.94725	1.05568
B650	1	0.0249459	1	0.0249459	0.0492694	1.97505	1.02558
B649	1	0.0535443	1	0.0535443	0.104222	1.94646	1.05657
B648	1	0.0565992	1	0.0565992	0.109995	1.9434	1.05999
B599	1	0.0635878	1	0.0635878	0.123132	1.93641	1.06791
B598	1	0.0763039	1	0.0763039	0.146785	1.9237	1.08261
B618	1	0.0438568	1	0.0438568	0.0857901	1.95614	1.04587
B617	1	0.0919705	1	0.0919705	0.175482	1.90803	1.10129
B435	1	0.0136037	1	0.0136037	0.0270222	1.9864	1.01379
B434	1	0.0526409	1	0.0526409	0.102511	1.94736	1.05557
B225	1	0.0891083	1	0.0891083	0.170276	1.91089	1.09783
B227	1	0.053977	1	0.053977	0.10504	1.94602	1.05706
B226	1	0.0761914	1	0.0761914	0.146578	1.92381	1.08248
B250	1	0.0876081	1	0.0876081	0.167541	1.91239	1.09602
B251	1	0.092404	1	0.092404	0.17627	1.9076	1.10181
B285	1	0.0514656	1	0.0514656	0.100283	1.94853	1.05426
B286	1	0.0932511	1	0.0932511	0.177806	1.90675	1.10284
B213	1	0.0524608	1	0.0524608	0.102169	1.94754	1.05537
B198	1	0.0821643	1	0.0821643	0.157578	1.91784	1.08952
B209	1	0.0331984	1	0.0331984	0.0652947	1.9668	1.03434
B210	1	0.0668255	1	0.0668255	0.129185	1.93317	1.07161
B179	1	0.0799596	1	0.0799596	0.153526	1.92004	1.08691
B180	1	0.0116598	1	0.0116598	0.0231836	1.98834	1.0118
B171	1	0.0242385	1	0.0242385	0.0478895	1.97576	1.02484
B176	1	0.0283395	1	0.0283395	0.055876	1.97166	1.02917
B177	1	0.0918288	1	0.0918288	0.175225	1.90817	1.10111
B170	1	0.0708577	1	0.0708577	0.136695	1.92914	1.07626
B169	1	0.0629466	1	0.0629466	0.121931	1.93705	1.06718
B174	1	0.0968666	1	0.0968666	0.18435	1.90313	1.10726
B175	1	0.0918277	1	0.0918277	0.175223	1.90817	1.10111
B166	1	0.0608123	1	0.0608123	0.117926	1.93919	1.06475
B167	1	0.0753134	1	0.0753134	0.144955	1.92469	1.08145
B168	1	0.0254154	1	0.0254154	0.0501848	1.97458	1.02608
B135	1	0.0191822	1	0.0191822	0.0379964	1.98082	1.01956
B136	1	0.0376174	1	0.0376174	0.0738197	1.96238	1.03909
B116	1	0.0709454	1	0.0709454	0.136858	1.92905	1.07636
B115	1	0.0629736	1	0.0629736	0.121982	1.93703	1.06721
B117	1	0.0112822	1	0.0112822	0.022437	1.98872	1.01141
B126	1	0.0919017	1	0.0919017	0.175357	1.9081	1.1012
B133	1	0.0821383	1	0.0821383	0.15753	1.91786	1.08949
B54	1	0.0591925	1	0.0591925	0.114881	1.94081	1.06292
