1	1	0.0999709	0.00181477	B723
2	1	0.0998848	0.00181321	B979
3	1	0.0998533	0.00181264	B290
4	1	0.0998118	0.00181188	B268
5	1	0.0997167	0.00181016	B969
6	1	0.099714	0.00181011	B393
7	1	0.0996295	0.00180858	B468
8	1	0.0995887	0.00180784	B71
9	1	0.0995799	0.00180768	B740
10	1	0.099545	0.00180704	B847
11	1	0.0994017	0.00180444	B154
12	1	0.0993021	0.00180263	B870
13	1	0.0990516	0.00179809	B886
14	1	0.0990418	0.00179791	B139
15	1	0.0989062	0.00179545	B215
16	1	0.0988769	0.00179491	B632
17	1	0.0988435	0.00179431	B112
18	1	0.0988048	0.0017936	B505
19	1	0.0987615	0.00179282	B479
20	1	0.0987043	0.00179178	B560
21	1	0.0986905	0.00179153	B703
22	1	0.0986355	0.00179053	B279
23	1	0.0983656	0.00178563	B921
24	1	0.0983487	0.00178533	B471
25	1	0.0982395	0.00178334	B60
26	1	0.0982269	0.00178311	B114
27	1	0.0981891	0.00178243	B669
28	1	0.0981304	0.00178136	B448
29	1	0.097965	0.00177836	B590
30	1	0.0976599	0.00177282	B906
31	1	0.0976577	0.00177278	B607
32	1	0.0976302	0.00177228	B898
33	1	0.0974512	0.00176903	B744
34	1	0.0974353	0.00176874	B302
35	1	0.097353	0.00176725	B259
36	1	0.0971576	0.0017637	B261
37	1	0.0971506	0.00176358	B604
38	1	0.0968666	0.00175842	B174
39	1	0.0968072	0.00175734	B270
40	1	0.0966823	0.00175508	B263
41	1	0.0963798	0.00174958	B777
42	1	0.0961375	0.00174518	B137
43	1	0.0959567	0.0017419	B881
44	1	0.0959205	0.00174125	B53
45	1	0.095738	0.00173793	B178
46	1	0.095593	0.0017353	B202
47	1	0.0955601	0.0017347	B634
48	1	0.0955291	0.00173414	B405
49	1	0.0953909	0.00173163	B69
50	1	0.095358	0.00173104	B825
51	1	0.0953181	0.00173031	B946
52	1	0.0953118	0.0017302	B780
53	1	0.0951029	0.00172641	B441
54	1	0.0949025	0.00172277	B603
55	1	0.0947402	0.00171982	B482
56	1	0.0947176	0.00171941	B830
57	1	0.0945963	0.00171721	B700
58	1	0.0945293	0.00171599	B626
59	1	0.0945015	0.00171549	B621
60	1	0.0944518	0.00171458	B664
61	1	0.0944033	0.0017137	B424
62	1	0.0943573	0.00171287	B130
63	1	0.0942855	0.00171157	B730
64	1	0.0942331	0.00171062	B699
65	1	0.0942047	0.0017101	B365
66	1	0.0941324	0.00170879	B578
67	1	0.0938805	0.00170421	B863
68	1	0.093866	0.00170395	B310
69	1	0.093434	0.00169611	B216
70	1	0.0933847	0.00169521	B480
71	1	0.0933726	0.00169499	B243
72	1	0.0933152	0.00169395	B311
73	1	0.0932856	0.00169341	B924
74	1	0.0932511	0.00169279	B286
75	1	0.0932496	0.00169276	B288
76	1	0.0931762	0.00169143	B461
77	1	0.0931366	0.00169071	B982
78	1	0.0930724	0.00168954	B70
79	1	0.0930086	0.00168839	B686
80	1	0.0929049	0.0016865	B585
81	1	0.0928771	0.001686	B799
82	1	0.0926913	0.00168263	B631
83	1	0.0925106	0.00167935	B229
84	1	0.0924219	0.00167774	B291
85	1	0.092404	0.00167741	B251
86	1	0.0922764	0.0016751	B967
87	1	0.0922383	0.0016744	B742
88	1	0.0922281	0.00167422	B51
89	1	0.0921353	0.00167253	B547
90	1	0.0920802	0.00167153	B735
91	1	0.0920035	0.00167014	B25
92	1	0.0919705	0.00166954	B617
93	1	0.0919033	0.00166832	B416
94	1	0.0919017	0.00166829	B126
95	1	0.0918288	0.00166697	B177
96	1	0.0918277	0.00166695	B175
97	1	0.0917689	0.00166588	B160
98	1	0.0914859	0.00166074	B20
99	1	0.0913965	0.00165912	B92
100	1	0.0912291	0.00165608	B575
101	1	0.0911079	0.00165388	B4
102	1	0.0908856	0.00164985	B300
103	1	0.0906543	0.00164565	B141
104	1	0.090649	0.00164555	B696
105	1	0.0906209	0.00164504	B537
106	1	0.09046	0.00164212	B684
107	1	0.0904488	0.00164192	B976
108	1	0.0904248	0.00164148	B829
109	1	0.0901089	0.00163575	B43
110	1	0.0900838	0.00163529	B239
111	1	0.0900526	0.00163473	B928
112	1	0.0896504	0.00162743	B989
113	1	0.089604	0.00162658	B769
114	1	0.0895783	0.00162612	B874
115	1	0.0895588	0.00162576	B191
116	1	0.0893093	0.00162123	B717
117	1	0.0891641	0.0016186	B103
118	1	0.0891083	0.00161759	B225
119	1	0.0889987	0.00161559	B195
120	1	0.0889214	0.00161419	B413
121	1	0.0887422	0.00161094	B753
122	1	0.0886679	0.00160959	B241
123	1	0.0886146	0.00160862	B680
124	1	0.0885828	0.00160805	B273
125	1	0.0885621	0.00160767	B636
126	1	0.0885572	0.00160758	B902
127	1	0.088541	0.00160729	B840
128	1	0.0885389	0.00160725	B368
129	1	0.0883777	0.00160432	B709
130	1	0.0882459	0.00160193	B968
131	1	0.08819	0.00160091	B446
132	1	0.0881708	0.00160057	B722
133	1	0.0881476	0.00160014	B265
134	1	0.0879101	0.00159583	B124
135	1	0.0878441	0.00159464	B508
136	1	0.0877924	0.0015937	B164
137	1	0.087693	0.00159189	B813
138	1	0.0876342	0.00159082	B731
139	1	0.0876081	0.00159035	B250
140	1	0.0875511	0.00158932	B925
141	1	0.0874701	0.00158785	B951
142	1	0.0874206	0.00158695	B545
143	1	0.0873575	0.0015858	B320
144	1	0.0871615	0.00158224	B783
145	1	0.0870085	0.00157947	B657
146	1	0.0869471	0.00157835	B529
147	1	0.086823	0.0015761	B214
148	1	0.0866878	0.00157364	B8
149	1	0.0866553	0.00157306	B732
150	1	0.0863924	0.00156828	B477
151	1	0.0863371	0.00156728	B510
152	1	0.0862901	0.00156643	B945
153	1	0.0862612	0.0015659	B611
154	1	0.086227	0.00156528	B462
155	1	0.0860263	0.00156164	B450
156	1	0.0857741	0.00155706	B433
157	1	0.0857124	0.00155594	B820
158	1	0.0856391	0.00155461	B457
159	1	0.085638	0.00155459	B394
160	1	0.0854054	0.00155037	B28
161	1	0.0852738	0.00154798	B495
162	1	0.0852479	0.00154751	B542
163	1	0.0852107	0.00154683	B57
164	1	0.0851206	0.0015452	B463
165	1	0.0850148	0.00154327	B98
166	1	0.0847312	0.00153813	B942
167	1	0.0847116	0.00153777	B622
168	1	0.0846422	0.00153651	B67
169	1	0.0846387	0.00153645	B469
170	1	0.0845225	0.00153434	B289
171	1	0.0845112	0.00153413	B568
172	1	0.0843199	0.00153066	B807
173	1	0.0842281	0.00152899	B55
174	1	0.0838804	0.00152268	B818
175	1	0.0838502	0.00152213	B207
176	1	0.0838171	0.00152153	B50
177	1	0.0837861	0.00152097	B775
178	1	0.0834115	0.00151417	B478
179	1	0.0832511	0.00151126	B655
180	1	0.0832191	0.00151068	B613
181	1	0.0832172	0.00151064	B978
182	1	0.0829941	0.00150659	B343
183	1	0.0829703	0.00150616	B833
184	1	0.0828405	0.0015038	B35
185	1	0.0827444	0.00150206	B593
186	1	0.0826513	0.00150037	B108
187	1	0.0826399	0.00150016	B806
188	1	0.0826068	0.00149956	B527
189	1	0.0824209	0.00149619	B862
190	1	0.0821953	0.00149209	B647
191	1	0.0821643	0.00149153	B198
192	1	0.0821383	0.00149106	B133
193	1	0.0821347	0.00149099	B31
194	1	0.0819323	0.00148732	B89
195	1	0.081911	0.00148693	B822
196	1	0.0816616	0.0014824	B738
197	1	0.0816572	0.00148232	B487
198	1	0.0815533	0.00148044	B118
199	1	0.0815308	0.00148003	B658
200	1	0.0813621	0.00147697	B144
201	1	0.0811998	0.00147402	B61
202	1	0.0811934	0.00147391	B592
203	1	0.0811065	0.00147233	B23
204	1	0.0810215	0.00147078	B567
205	1	0.0810102	0.00147058	B678
206	1	0.0807762	0.00146633	B443
207	1	0.0807164	0.00146525	B971
208	1	0.080688	0.00146473	B105
209	1	0.0806316	0.00146371	B747
210	1	0.0803759	0.00145907	B333
211	1	0.0803426	0.00145846	B716
212	1	0.0802559	0.00145689	B313
213	1	0.0802459	0.00145671	B84
214	1	0.0801544	0.00145504	B961
215	1	0.0800212	0.00145263	B267
216	1	0.0800063	0.00145235	B192
217	1	0.0799733	0.00145176	B520
218	1	0.0799596	0.00145151	B179
219	1	0.0798144	0.00144887	B381
220	1	0.079813	0.00144885	B536
221	1	0.0796155	0.00144526	B269
222	1	0.0795794	0.00144461	B826
223	1	0.0794252	0.00144181	B109
224	1	0.0792976	0.00143949	B751
225	1	0.0792513	0.00143865	B767
226	1	0.0792351	0.00143836	B38
227	1	0.0791915	0.00143757	B29
228	1	0.079136	0.00143656	B952
229	1	0.0791097	0.00143608	B155
230	1	0.0790789	0.00143552	B591
231	1	0.0790333	0.00143469	B784
232	1	0.0788136	0.0014307	B975
233	1	0.0786936	0.00142853	B701
234	1	0.0785719	0.00142632	B934
235	1	0.0784598	0.00142428	B146
236	1	0.0784549	0.00142419	B659
237	1	0.0782142	0.00141982	B927
238	1	0.0778756	0.00141368	B48
239	1	0.0777749	0.00141185	B922
240	1	0.0776979	0.00141045	B266
241	1	0.0774669	0.00140626	B809
242	1	0.0774524	0.001406	B287
243	1	0.0773802	0.00140468	B173
244	1	0.0771031	0.00139965	B205
245	1	0.0768074	0.00139429	B662
246	1	0.0765638	0.00138986	B582
247	1	0.0763628	0.00138621	B492
248	1	0.0763039	0.00138515	B598
249	1	0.0762907	0.00138491	B871
250	1	0.0762729	0.00138458	B561
251	1	0.0761914	0.0013831	B226
252	1	0.0761027	0.00138149	B876
253	1	0.0759529	0.00137878	B827
254	1	0.0756976	0.00137414	B685
255	1	0.0756609	0.00137347	B329
256	1	0.0755916	0.00137221	B491
257	1	0.0754522	0.00136968	B484
258	1	0.0754361	0.00136939	B692
259	1	0.0754233	0.00136916	B843
260	1	0.0753582	0.00136798	B785
261	1	0.0753134	0.00136717	B167
262	1	0.0752909	0.00136676	B196
263	1	0.0751701	0.00136456	B242
264	1	0.0749841	0.00136119	B380
265	1	0.0747649	0.00135721	B630
266	1	0.0747504	0.00135695	B280
267	1	0.0747476	0.00135689	B212
268	1	0.0746413	0.00135496	B683
269	1	0.074531	0.00135296	B594
270	1	0.0744147	0.00135085	B253
271	1	0.0741661	0.00134634	B543
272	1	0.0741458	0.00134597	B802
273	1	0.0740349	0.00134396	B281
274	1	0.0738996	0.0013415	B697
275	1	0.073763	0.00133902	B185
276	1	0.073726	0.00133835	B815
277	1	0.073706	0.00133799	B991
278	1	0.073705	0.00133797	B727
279	1	0.0736619	0.00133718	B262
280	1	0.0735382	0.00133494	B909
281	1	0.0734864	0.001334	B485
282	1	0.0734659	0.00133363	B466
283	1	0.0731369	0.00132766	B576
284	1	0.0729454	0.00132418	B187
285	1	0.0729084	0.00132351	B955
286	1	0.0728943	0.00132325	B74
287	1	0.0726717	0.00131921	B423
288	1	0.0726178	0.00131823	B713
289	1	0.0726173	0.00131822	B295
290	1	0.0725514	0.00131703	B724
291	1	0.0725079	0.00131624	B470
292	1	0.0724603	0.00131537	B159
293	1	0.0721672	0.00131005	B551
294	1	0.0720073	0.00130715	B866
295	1	0.0718253	0.00130385	B681
296	1	0.0716353	0.0013004	B40
297	1	0.071451	0.00129705	B409
298	1	0.0714069	0.00129625	B544
299	1	0.0713777	0.00129572	B429
300	1	0.0712187	0.00129283	B360
301	1	0.0711667	0.00129189	B102
302	1	0.0711549	0.00129168	B442
303	1	0.0710395	0.00128958	B823
304	1	0.0709775	0.00128846	B797
305	1	0.0709454	0.00128787	B116
306	1	0.0708688	0.00128648	B877
307	1	0.0708577	0.00128628	B170
308	1	0.0708377	0.00128592	B252
309	1	0.0708197	0.00128559	B459
310	1	0.0707966	0.00128517	B865
311	1	0.0707754	0.00128479	B842
312	1	0.0706797	0.00128305	B526
313	1	0.0705828	0.00128129	B748
314	1	0.0705372	0.00128046	B246
315	1	0.0704493	0.00127887	B858
316	1	0.0704016	0.001278	B197
317	1	0.0701746	0.00127388	B111
318	1	0.0701623	0.00127366	B45
319	1	0.0701554	0.00127353	B589
320	1	0.0701349	0.00127316	B600
321	1	0.0699992	0.0012707	B42
322	1	0.0699688	0.00127015	B897
323	1	0.0697949	0.00126699	B483
324	1	0.0697787	0.00126669	B231
325	1	0.0696956	0.00126519	B367
326	1	0.0696072	0.00126358	B616
327	1	0.0695601	0.00126273	B821
328	1	0.0692269	0.00125668	B97
329	1	0.0692267	0.00125667	B52
330	1	0.0692153	0.00125647	B90
331	1	0.0691972	0.00125614	B741
332	1	0.0691812	0.00125585	B736
333	1	0.0691729	0.0012557	B848
334	1	0.0690536	0.00125353	B615
335	1	0.0690354	0.0012532	B937
336	1	0.0688841	0.00125045	B328
337	1	0.0688624	0.00125006	B110
338	1	0.0688565	0.00124995	B271
339	1	0.0688135	0.00124917	B87
340	1	0.0687076	0.00124725	B156
341	1	0.068703	0.00124717	B99
342	1	0.0686251	0.00124575	B949
343	1	0.0686048	0.00124538	B388
344	1	0.0685742	0.00124483	B260
345	1	0.0685271	0.00124397	B712
346	1	0.0681855	0.00123777	B919
347	1	0.0681483	0.0012371	B645
348	1	0.0680935	0.0012361	B299
349	1	0.0677845	0.00123049	B656
350	1	0.0677204	0.00122933	B292
351	1	0.0677202	0.00122933	B948
352	1	0.0676508	0.00122807	B234
353	1	0.0676319	0.00122772	B824
354	1	0.0676041	0.00122722	B498
355	1	0.0674518	0.00122445	B41
356	1	0.0674143	0.00122377	B901
357	1	0.0674082	0.00122366	B113
358	1	0.0673765	0.00122309	B782
359	1	0.0673687	0.00122295	B972
360	1	0.0671883	0.00121967	B759
361	1	0.0670273	0.00121675	B868
362	1	0.067016	0.00121654	B573
363	1	0.0669094	0.00121461	B660
364	1	0.0668284	0.00121314	B981
365	1	0.0668255	0.00121309	B210
366	1	0.0667032	0.00121086	B535
367	1	0.0666062	0.0012091	B836
368	1	0.0663918	0.00120521	B163
369	1	0.0662329	0.00120233	B627
370	1	0.0660394	0.00119881	B674
371	1	0.0659837	0.0011978	B182
372	1	0.0659645	0.00119745	B161
373	1	0.0657923	0.00119433	B688
374	1	0.0653991	0.00118719	B694
375	1	0.0651804	0.00118322	B264
376	1	0.0649981	0.00117991	B852
377	1	0.0649823	0.00117962	B460
378	1	0.0648012	0.00117634	B33
379	1	0.0647923	0.00117618	B963
380	1	0.0647517	0.00117544	B554
381	1	0.0647348	0.00117513	B596
382	1	0.0646438	0.00117348	B306
383	1	0.0645541	0.00117185	B930
384	1	0.064446	0.00116989	B750
385	1	0.0642661	0.00116662	B986
386	1	0.064263	0.00116657	B832
387	1	0.0641343	0.00116423	B275
388	1	0.0640351	0.00116243	B415
389	1	0.0638026	0.00115821	B157
390	1	0.063784	0.00115787	B16
391	1	0.0637017	0.00115638	B788
392	1	0.0636084	0.00115468	B936
393	1	0.0635878	0.00115431	B599
394	1	0.063524	0.00115315	B389
395	1	0.0634543	0.00115189	B673
396	1	0.0634532	0.00115187	B569
397	1	0.0633461	0.00114992	B879
398	1	0.0632084	0.00114742	B584
399	1	0.0631757	0.00114683	B998
400	1	0.0631415	0.00114621	B324
401	1	0.0630466	0.00114449	B420
402	1	0.0629736	0.00114316	B115
403	1	0.0629466	0.00114267	B169
404	1	0.0629116	0.00114204	B131
405	1	0.0627745	0.00113955	B610
406	1	0.0626969	0.00113814	B403
407	1	0.0626161	0.00113667	B64
408	1	0.0624742	0.00113409	B572
409	1	0.0622093	0.00112929	B835
410	1	0.0621547	0.0011283	B418
411	1	0.0619398	0.00112439	B760
412	1	0.0618133	0.0011221	B754
413	1	0.0617789	0.00112147	B916
414	1	0.0616177	0.00111855	B68
415	1	0.0616067	0.00111835	B26
416	1	0.0616042	0.0011183	B755
417	1	0.0614299	0.00111514	B771
418	1	0.0613525	0.00111373	B431
419	1	0.0613521	0.00111373	B351
420	1	0.0612855	0.00111252	B867
421	1	0.061238	0.00111165	B456
422	1	0.0612288	0.00111149	B734
423	1	0.0611253	0.00110961	B641
424	1	0.0610254	0.00110779	B816
425	1	0.0609659	0.00110672	B427
426	1	0.0608901	0.00110534	B574
427	1	0.0608735	0.00110504	B386
428	1	0.0608123	0.00110393	B166
429	1	0.0607708	0.00110317	B638
430	1	0.0607087	0.00110205	B746
431	1	0.0607011	0.00110191	B857
432	1	0.0604437	0.00109724	B78
433	1	0.0603397	0.00109535	B910
434	1	0.0599042	0.00108744	B228
435	1	0.0598975	0.00108732	B236
436	1	0.0598431	0.00108633	B354
437	1	0.0597925	0.00108541	B838
438	1	0.0594959	0.00108003	B222
439	1	0.0593848	0.00107801	B908
440	1	0.0592942	0.00107637	B129
441	1	0.0592623	0.00107579	B781
442	1	0.0591925	0.00107452	B54
443	1	0.0591627	0.00107398	B801
444	1	0.0590723	0.00107234	B334
445	1	0.0590368	0.0010717	B336
446	1	0.059027	0.00107152	B366
447	1	0.0589731	0.00107054	B326
448	1	0.0589291	0.00106974	B318
449	1	0.0588139	0.00106765	B800
450	1	0.0586292	0.0010643	B406
451	1	0.0586068	0.00106389	B912
452	1	0.058553	0.00106291	B804
453	1	0.0585444	0.00106276	B997
454	1	0.0583475	0.00105918	B445
455	1	0.058338	0.00105901	B557
456	1	0.0583215	0.00105871	B679
457	1	0.0582582	0.00105756	B6
458	1	0.0582211	0.00105689	B960
459	1	0.0580268	0.00105336	B453
460	1	0.0579428	0.00105184	B464
461	1	0.0577933	0.00104912	B698
462	1	0.0577353	0.00104807	B127
463	1	0.0576636	0.00104677	B995
464	1	0.0575847	0.00104534	B873
465	1	0.0575422	0.00104457	B964
466	1	0.0575194	0.00104415	B905
467	1	0.057468	0.00104322	B999
468	1	0.0574367	0.00104265	B34
469	1	0.0574346	0.00104261	B150
470	1	0.0573406	0.00104091	B293
471	1	0.0573269	0.00104066	B950
472	1	0.0572007	0.00103836	B907
473	1	0.05711	0.00103672	B914
474	1	0.0570955	0.00103646	B973
475	1	0.0570842	0.00103625	B238
476	1	0.0569645	0.00103408	B642
477	1	0.056871	0.00103238	B710
478	1	0.0567521	0.00103022	B410
479	1	0.0565992	0.00102745	B648
480	1	0.0564963	0.00102558	B608
481	1	0.0564092	0.001024	B565
482	1	0.0563946	0.00102373	B76
483	1	0.0561477	0.00101925	B39
484	1	0.0561438	0.00101918	B356
485	1	0.0561124	0.00101861	B628
486	1	0.0561082	0.00101853	B224
487	1	0.0560622	0.0010177	B208
488	1	0.05589	0.00101457	B752
489	1	0.0558423	0.00101371	B376
490	1	0.0557805	0.00101258	B766
491	1	0.055698	0.00101109	B257
492	1	0.0556505	0.00101022	B888
493	1	0.0555543	0.00100848	B364
494	1	0.0552463	0.00100289	B330
495	1	0.0551132	0.00100047	B63
496	1	0.0549601	0.000997692	B119
497	1	0.0549562	0.000997621	B714
498	1	0.0548993	0.000996588	B522
499	1	0.0548963	0.000996533	B142
500	1	0.0548014	0.000994811	B181
501	1	0.0547745	0.000994322	B95
502	1	0.0547337	0.000993582	B211
503	1	0.054724	0.000993406	B79
504	1	0.0546789	0.000992588	B254
505	1	0.0546248	0.000991605	B855
506	1	0.0545688	0.000990589	B342
507	1	0.0545628	0.000990479	B357
508	1	0.0545605	0.000990438	B695
509	1	0.0542219	0.000984292	B422
510	1	0.0541499	0.000982984	B768
511	1	0.0541218	0.000982474	B913
512	1	0.053977	0.000979845	B227
513	1	0.0539729	0.00097977	B597
514	1	0.0539271	0.000978939	B959
515	1	0.0539219	0.000978844	B283
516	1	0.0537523	0.000975766	B44
517	1	0.0537508	0.000975739	B62
518	1	0.0535443	0.000971991	B649
519	1	0.0533978	0.000969332	B810
520	1	0.05328	0.000967192	B106
521	1	0.053223	0.000966157	B791
522	1	0.0529411	0.00096104	B587
523	1	0.0528828	0.000959983	B488
524	1	0.052788	0.000958262	B756
525	1	0.0527853	0.000958212	B255
526	1	0.0527792	0.000958102	B580
527	1	0.0527513	0.000957595	B447
528	1	0.052748	0.000957536	B272
529	1	0.0527457	0.000957494	B651
530	1	0.0527388	0.000957368	B425
531	1	0.0526409	0.000955592	B434
532	1	0.0526328	0.000955445	B315
533	1	0.0525929	0.00095472	B620
534	1	0.0525884	0.000954638	B962
535	1	0.0524608	0.000952322	B213
536	1	0.0523522	0.000950351	B705
537	1	0.0522612	0.000948699	B564
538	1	0.0522329	0.000948185	B929
539	1	0.0522208	0.000947965	B379
540	1	0.052021	0.000944339	B993
541	1	0.051973	0.000943467	B654
542	1	0.0519306	0.000942697	B77
543	1	0.0518797	0.000941774	B571
544	1	0.051813	0.000940562	B189
545	1	0.0517216	0.000938903	B314
546	1	0.0516505	0.000937612	B382
547	1	0.0515905	0.000936523	B706
548	1	0.051533	0.000935479	B414
549	1	0.0514685	0.000934309	B65
550	1	0.0514656	0.000934256	B285
551	1	0.0514094	0.000933236	B80
552	1	0.0511305	0.000928172	B200
553	1	0.0511179	0.000927944	B794
554	1	0.0509789	0.000925421	B507
555	1	0.0509267	0.000924472	B59
556	1	0.0508759	0.000923551	B233
557	1	0.0507805	0.000921819	B153
558	1	0.0507732	0.000921687	B940
559	1	0.0506165	0.000918843	B891
560	1	0.0505998	0.00091854	B183
561	1	0.0505451	0.000917545	B383
562	1	0.0505189	0.00091707	B151
563	1	0.0504112	0.000915116	B808
564	1	0.050349	0.000913985	B19
565	1	0.0501798	0.000910915	B274
566	1	0.0500952	0.000909379	B194
567	1	0.0500246	0.000908098	B86
568	1	0.0499954	0.000907566	B122
569	1	0.0498106	0.000904213	B947
570	1	0.0496547	0.000901383	B675
571	1	0.0494645	0.000897931	B341
572	1	0.0493944	0.000896657	B430
573	1	0.0493179	0.000895268	B186
574	1	0.0492648	0.000894305	B14
575	1	0.0489574	0.000888724	B546
576	1	0.0488686	0.000887112	B138
577	1	0.0488186	0.000886204	B672
578	1	0.0485345	0.000881048	B834
579	1	0.0484496	0.000879507	B559
580	1	0.0483913	0.000878448	B943
581	1	0.0483392	0.000877503	B720
582	1	0.0482375	0.000875655	B667
583	1	0.0481748	0.000874517	B419
584	1	0.0480135	0.000871589	B932
585	1	0.0479237	0.000869961	B100
586	1	0.047723	0.000866317	B990
587	1	0.0475241	0.000862705	B935
588	1	0.0472312	0.000857388	B395
589	1	0.0469529	0.000852337	B846
590	1	0.0469196	0.000851732	B219
591	1	0.046905	0.000851467	B145
592	1	0.046899	0.000851358	B899
593	1	0.0468604	0.000850658	B974
594	1	0.046737	0.000848417	B803
595	1	0.0466966	0.000847685	B451
596	1	0.0466559	0.000846945	B605
597	1	0.0466518	0.00084687	B2
598	1	0.0465634	0.000845265	B237
599	1	0.0464646	0.000843473	B143
600	1	0.0464387	0.000843003	B831
601	1	0.0463322	0.000841068	B346
602	1	0.0460893	0.00083666	B704
603	1	0.0460296	0.000835576	B307
604	1	0.0459481	0.000834096	B996
605	1	0.045883	0.000832914	B606
606	1	0.0458414	0.00083216	B37
607	1	0.0458146	0.000831674	B363
608	1	0.0457443	0.000830397	B497
609	1	0.0454909	0.000825798	B992
610	1	0.0454001	0.000824149	B199
611	1	0.045281	0.000821987	B690
612	1	0.045257	0.000821551	B725
613	1	0.0451608	0.000819804	B516
614	1	0.0450844	0.000818417	B878
615	1	0.0450474	0.000817747	B977
616	1	0.0450033	0.000816945	B853
617	1	0.0449432	0.000815854	B91
618	1	0.0449234	0.000815495	B465
619	1	0.044856	0.000814272	B88
620	1	0.0448488	0.000814141	B56
621	1	0.0448329	0.000813853	B549
622	1	0.0448147	0.000813522	B994
623	1	0.0447729	0.000812764	B556
624	1	0.0445833	0.000809322	B319
625	1	0.0444437	0.000806787	B502
626	1	0.0444047	0.00080608	B449
627	1	0.0443583	0.000805237	B235
628	1	0.0443486	0.00080506	B728
629	1	0.0443214	0.000804567	B278
630	1	0.0441029	0.0008006	B244
631	1	0.0440657	0.000799926	B455
632	1	0.0440012	0.000798754	B721
633	1	0.0439569	0.00079795	B284
634	1	0.0439493	0.000797813	B240
635	1	0.043915	0.000797189	B436
636	1	0.0438718	0.000796405	B541
637	1	0.0438568	0.000796133	B618
638	1	0.0437337	0.000793899	B335
639	1	0.0437069	0.000793413	B46
640	1	0.0435472	0.000790513	B149
641	1	0.0434576	0.000788887	B586
642	1	0.0432783	0.000785631	B890
643	1	0.0432073	0.000784344	B428
644	1	0.043077	0.000781977	B339
645	1	0.0429971	0.000780528	B256
646	1	0.0429066	0.000778885	B221
647	1	0.0428874	0.000778535	B883
648	1	0.0428386	0.000777651	B938
649	1	0.0427279	0.000775641	B533
650	1	0.0426792	0.000774756	B577
651	1	0.0425865	0.000773073	B548
652	1	0.0425825	0.000773001	B308
653	1	0.0423167	0.000768176	B120
654	1	0.0420885	0.000764034	B966
655	1	0.0420029	0.00076248	B644
656	1	0.041851	0.000759722	B297
657	1	0.0417706	0.000758262	B81
658	1	0.0417164	0.000757278	B344
659	1	0.0415924	0.000755028	B893
660	1	0.0414413	0.000752285	B602
661	1	0.0414157	0.000751821	B884
662	1	0.0413657	0.000750912	B926
663	1	0.0412441	0.000748705	B322
664	1	0.0411509	0.000747012	B303
665	1	0.0409116	0.000742669	B30
666	1	0.0408949	0.000742366	B579
667	1	0.0407342	0.000739449	B337
668	1	0.0406799	0.000738463	B882
669	1	0.0406761	0.000738395	B793
670	1	0.0406268	0.000737498	B359
671	1	0.0406229	0.000737428	B985
672	1	0.040587	0.000736777	B249
673	1	0.0405516	0.000736133	B513
674	1	0.0404449	0.000734197	B693
675	1	0.0404396	0.000734101	B94
676	1	0.0403952	0.000733295	B58
677	1	0.0403688	0.000732816	B980
678	1	0.0403676	0.000732793	B439
679	1	0.0403495	0.000732465	B10
680	1	0.0402726	0.000731069	B939
681	1	0.0402165	0.000730051	B707
682	1	0.0400727	0.000727441	B147
683	1	0.0400705	0.0007274	B772
684	1	0.0400417	0.000726877	B11
685	1	0.0399456	0.000725134	B933
686	1	0.0399098	0.000724484	B121
687	1	0.0398978	0.000724265	B7
688	1	0.0398532	0.000723455	B619
689	1	0.0398403	0.000723222	B796
690	1	0.0397851	0.00072222	B711
691	1	0.0396104	0.000719049	B517
692	1	0.0395685	0.000718288	B172
693	1	0.039481	0.000716699	B476
694	1	0.0394806	0.000716692	B258
695	1	0.0394798	0.000716677	B762
696	1	0.0394053	0.000715325	B663
697	1	0.0393723	0.000714727	B885
698	1	0.038826	0.000704809	B248
699	1	0.0387162	0.000702816	B849
700	1	0.0387074	0.000702655	B609
701	1	0.0386508	0.000701628	B795
702	1	0.0386442	0.000701509	B347
703	1	0.0386091	0.000700871	B276
704	1	0.0385926	0.000700572	B653
705	1	0.0384588	0.000698143	B918
706	1	0.0383956	0.000696996	B66
707	1	0.0383913	0.000696918	B18
708	1	0.0383773	0.000696664	B104
709	1	0.0383737	0.000696598	B36
710	1	0.0382213	0.000693833	B201
711	1	0.0378424	0.000686953	B190
712	1	0.0377493	0.000685264	B217
713	1	0.037728	0.000684878	B474
714	1	0.037648	0.000683424	B812
715	1	0.0376174	0.000682869	B136
716	1	0.037467	0.000680139	B761
717	1	0.0372626	0.000676429	B920
718	1	0.0372449	0.000676107	B583
719	1	0.0371807	0.000674941	B640
720	1	0.0371116	0.000673688	B218
721	1	0.0369619	0.000670971	B903
722	1	0.0368663	0.000669234	B856
723	1	0.0368602	0.000669124	B764
724	1	0.0368022	0.00066807	B984
725	1	0.0366896	0.000666026	B625
726	1	0.0364636	0.000661923	B643
727	1	0.0364299	0.000661313	B792
728	1	0.036418	0.000661096	B745
729	1	0.0363788	0.000660384	B737
730	1	0.0363497	0.000659856	B317
731	1	0.0360907	0.000655156	B490
732	1	0.036	0.000653508	B481
733	1	0.0359428	0.00065247	B390
734	1	0.0359353	0.000652333	B524
735	1	0.0359115	0.000651901	B661
736	1	0.0359054	0.000651791	B323
737	1	0.0358986	0.000651668	B402
738	1	0.0358356	0.000650523	B123
739	1	0.0358065	0.000649996	B864
740	1	0.0356591	0.000647319	B392
741	1	0.0356575	0.00064729	B798
742	1	0.0356204	0.000646618	B220
743	1	0.0354293	0.000643149	B75
744	1	0.035254	0.000639966	B652
745	1	0.035101	0.000637189	B358
746	1	0.0350746	0.00063671	B854
747	1	0.0344639	0.000625624	B566
748	1	0.0343501	0.000623558	B880
749	1	0.0343084	0.000622802	B509
750	1	0.0342953	0.000622563	B398
751	1	0.0342909	0.000622483	B373
752	1	0.0341404	0.000619751	B132
753	1	0.034098	0.000618981	B349
754	1	0.033879	0.000615005	B27
755	1	0.0336659	0.000611137	B689
756	1	0.0336608	0.000611044	B779
757	1	0.0335873	0.00060971	B887
758	1	0.0335701	0.000609399	B521
759	1	0.0334415	0.000607064	B550
760	1	0.0333796	0.00060594	B889
761	1	0.0331984	0.000602651	B209
762	1	0.0331578	0.000601914	B958
763	1	0.0330962	0.000600796	B384
764	1	0.0326121	0.000592008	B954
765	1	0.0325691	0.000591228	B371
766	1	0.0325204	0.000590344	B892
767	1	0.0324161	0.000588449	B387
768	1	0.032286	0.000586089	B666
769	1	0.0322537	0.000585503	B165
770	1	0.0322318	0.000585105	B277
771	1	0.0321353	0.000583352	B304
772	1	0.0320647	0.000582071	B12
773	1	0.0320333	0.000581502	B708
774	1	0.0320043	0.000580975	B321
775	1	0.0319768	0.000580475	B1000
776	1	0.0319296	0.000579619	B715
777	1	0.0319056	0.000579182	B532
778	1	0.0318827	0.000578768	B763
779	1	0.0318399	0.00057799	B540
780	1	0.0317758	0.000576826	B158
781	1	0.0317254	0.000575912	B691
782	1	0.0315984	0.000573607	B93
783	1	0.0314122	0.000570227	B440
784	1	0.0312621	0.000567501	B726
785	1	0.0312314	0.000566945	B953
786	1	0.0311557	0.00056557	B128
787	1	0.0308376	0.000559795	B101
788	1	0.0307602	0.00055839	B247
789	1	0.0306937	0.000557183	B294
790	1	0.0306269	0.000555971	B757
791	1	0.0304029	0.000551904	B773
792	1	0.0303539	0.000551015	B719
793	1	0.0303403	0.000550768	B411
794	1	0.0302558	0.000549235	B473
795	1	0.0301486	0.000547287	B475
796	1	0.0300898	0.000546221	B774
797	1	0.030001	0.000544609	B385
798	1	0.0294784	0.000535121	B499
799	1	0.0293663	0.000533086	B844
800	1	0.029212	0.000530287	B677
801	1	0.0291317	0.000528829	B245
802	1	0.0291168	0.000528558	B399
803	1	0.0287849	0.000522533	B718
804	1	0.0287598	0.000522078	B957
805	1	0.0287191	0.000521338	B125
806	1	0.0286948	0.000520898	B612
807	1	0.0286176	0.000519496	B32
808	1	0.0286154	0.000519456	B635
809	1	0.0286029	0.000519229	B733
810	1	0.028551	0.000518287	B739
811	1	0.0283395	0.000514448	B176
812	1	0.0281572	0.000511139	B956
813	1	0.0281139	0.000510352	B987
814	1	0.0280272	0.000508778	B404
815	1	0.0280264	0.000508763	B670
816	1	0.027888	0.000506251	B904
817	1	0.0277918	0.000504505	B614
818	1	0.0277608	0.000503942	B140
819	1	0.027428	0.0004979	B331
820	1	0.0267979	0.000486463	B506
821	1	0.0266192	0.000483219	B671
822	1	0.0265996	0.000482863	B765
823	1	0.0264196	0.000479596	B96
824	1	0.0263318	0.000478002	B49
825	1	0.0262915	0.000477271	B515
826	1	0.0262478	0.000476477	B408
827	1	0.0261495	0.000474691	B152
828	1	0.0261354	0.000474436	B558
829	1	0.0260817	0.000473462	B869
830	1	0.0260417	0.000472736	B223
831	1	0.0260399	0.000472702	B396
832	1	0.025864	0.000469509	B500
833	1	0.0258627	0.000469486	B400
834	1	0.0257735	0.000467866	B555
835	1	0.0257532	0.000467498	B859
836	1	0.0256838	0.000466239	B438
837	1	0.0256755	0.000466088	B633
838	1	0.0254154	0.000461366	B168
839	1	0.0253952	0.000461	B894
840	1	0.0253453	0.000460095	B872
841	1	0.0252732	0.000458785	B923
842	1	0.025211	0.000457656	B361
843	1	0.0250957	0.000455563	B348
844	1	0.0249459	0.000452843	B650
845	1	0.0248293	0.000450726	B72
846	1	0.0248163	0.00045049	B676
847	1	0.024699	0.00044836	B496
848	1	0.0245265	0.000445229	B789
849	1	0.0243696	0.000442382	B9
850	1	0.0242385	0.000440002	B171
851	1	0.0242195	0.000439657	B983
852	1	0.0240145	0.000435936	B778
853	1	0.0239632	0.000435004	B581
854	1	0.0239341	0.000434476	B531
855	1	0.0237634	0.000431377	B562
856	1	0.0237393	0.000430939	B188
857	1	0.0233474	0.000423825	B828
858	1	0.0231927	0.000421017	B931
859	1	0.0230573	0.00041856	B525
860	1	0.022934	0.000416322	B107
861	1	0.0228276	0.00041439	B298
862	1	0.0228251	0.000414345	B444
863	1	0.0228172	0.000414202	B204
864	1	0.0227958	0.000413812	B22
865	1	0.0227659	0.00041327	B743
866	1	0.0226446	0.000411067	B528
867	1	0.0225909	0.000410092	B184
868	1	0.0225729	0.000409765	B770
869	1	0.0225347	0.000409073	B296
870	1	0.0223644	0.000405982	B377
871	1	0.0222772	0.000404398	B860
872	1	0.022233	0.000403595	B811
873	1	0.0220575	0.000400409	B682
874	1	0.0218156	0.000396019	B944
875	1	0.0218137	0.000395985	B162
876	1	0.021685	0.000393648	B588
877	1	0.0216673	0.000393326	B530
878	1	0.0214024	0.000388518	B489
879	1	0.0213627	0.000387798	B391
880	1	0.0213604	0.000387755	B397
881	1	0.0212931	0.000386533	B601
882	1	0.0211497	0.000383931	B687
883	1	0.0210063	0.000381327	B345
884	1	0.0209748	0.000380756	B787
885	1	0.0207391	0.000376476	B851
886	1	0.0206184	0.000374286	B355
887	1	0.0206121	0.000374171	B646
888	1	0.020603	0.000374006	B230
889	1	0.0205889	0.000373751	B538
890	1	0.020515	0.00037241	B523
891	1	0.020472	0.000371629	B148
892	1	0.0204149	0.000370593	B412
893	1	0.0200455	0.000363885	B665
894	1	0.0198909	0.000361079	B624
895	1	0.019693	0.000357488	B3
896	1	0.0195108	0.000354179	B814
897	1	0.0194573	0.000353209	B437
898	1	0.0193879	0.000351948	B432
899	1	0.0193192	0.000350702	B305
900	1	0.0192917	0.000350203	B407
901	1	0.0192621	0.000349666	B819
902	1	0.0192083	0.000348689	B900
903	1	0.0191822	0.000348214	B135
904	1	0.0189077	0.000343232	B467
905	1	0.0188319	0.000341856	B472
906	1	0.0188047	0.000341362	B378
907	1	0.0185371	0.000336504	B83
908	1	0.0185053	0.000335928	B134
909	1	0.0184449	0.00033483	B539
910	1	0.0183488	0.000333086	B21
911	1	0.0181303	0.000329121	B375
912	1	0.0179451	0.000325759	B353
913	1	0.0179032	0.000324997	B970
914	1	0.0178869	0.000324701	B401
915	1	0.0178852	0.000324671	B15
916	1	0.0178468	0.000323973	B1
917	1	0.017757	0.000322343	B362
918	1	0.017603	0.000319547	B512
919	1	0.0173201	0.000314411	B372
920	1	0.0173089	0.00031421	B519
921	1	0.0171896	0.000312044	B85
922	1	0.0170053	0.000308697	B805
923	1	0.016945	0.000307603	B875
924	1	0.0168368	0.000305639	B340
925	1	0.0167646	0.000304327	B553
926	1	0.0164755	0.00029908	B193
927	1	0.0164044	0.000297789	B895
928	1	0.01631	0.000296075	B629
929	1	0.0163	0.000295894	B534
930	1	0.016295	0.000295803	B668
931	1	0.0162889	0.000295693	B17
932	1	0.0162528	0.000295037	B503
933	1	0.0162	0.000294079	B911
934	1	0.0160722	0.00029176	B494
935	1	0.0160249	0.000290901	B327
936	1	0.0159265	0.000289114	B370
937	1	0.0158366	0.000287482	B232
938	1	0.015669	0.00028444	B917
939	1	0.0156133	0.000283428	B458
940	1	0.0154049	0.000279646	B486
941	1	0.0154021	0.000279595	B421
942	1	0.0148452	0.000269485	B837
943	1	0.014813	0.000268901	B452
944	1	0.0145215	0.000263609	B426
945	1	0.0143339	0.000260204	B332
946	1	0.0142512	0.000258702	B82
947	1	0.0141183	0.000256291	B316
948	1	0.0140106	0.000254335	B729
949	1	0.0139975	0.000254097	B841
950	1	0.0139607	0.000253429	B965
951	1	0.0139316	0.000252901	B312
952	1	0.0137658	0.00024989	B73
953	1	0.0136037	0.000246947	B435
954	1	0.0135978	0.000246842	B514
955	1	0.0135488	0.000245951	B563
956	1	0.0134425	0.000244022	B454
957	1	0.0134338	0.000243865	B5
958	1	0.0133942	0.000243146	B518
959	1	0.0133658	0.000242629	B369
960	1	0.0133621	0.000242562	B338
961	1	0.0133314	0.000242005	B702
962	1	0.0131689	0.000239055	B817
963	1	0.0129971	0.000235936	B896
964	1	0.0129099	0.000234353	B352
965	1	0.0128818	0.000233843	B790
966	1	0.0128657	0.000233552	B47
967	1	0.0127815	0.000232023	B758
968	1	0.0125508	0.000227836	B988
969	1	0.0122584	0.000222527	B861
970	1	0.0120397	0.000218557	B325
971	1	0.0119112	0.000216225	B24
972	1	0.0116598	0.00021166	B180
973	1	0.0114554	0.000207951	B417
974	1	0.0114473	0.000207803	B570
975	1	0.0113978	0.000206904	B493
976	1	0.0113733	0.000206459	B374
977	1	0.011327	0.000205619	B941
978	1	0.0113267	0.000205614	B623
979	1	0.0113259	0.0002056	B845
980	1	0.0112918	0.00020498	B839
981	1	0.0112822	0.000204805	B117
982	1	0.0112333	0.000203918	B301
983	1	0.0110996	0.000201492	B595
984	1	0.0110665	0.00020089	B309
985	1	0.0110528	0.000200642	B915
986	1	0.0110224	0.000200089	B776
987	1	0.0108728	0.000197375	B501
988	1	0.0107876	0.000195828	B639
989	1	0.0107009	0.000194253	B203
990	1	0.0106176	0.000192742	B749
991	1	0.0105791	0.000192043	B206
992	1	0.0105334	0.000191213	B282
993	1	0.0104144	0.000189052	B637
994	1	0.010386	0.000188537	B350
995	1	0.0103818	0.000188461	B850
996	1	0.0102905	0.000186804	B511
997	1	0.0102842	0.000186689	B552
998	1	0.0102603	0.000186256	B786
999	1	0.0101503	0.000184259	B13
1000	1	0.0100319	0.00018211	B504
