top-event	mission-time	probability
root	0	0
basic-event	occurrences	Pr	MIF	CIF	DIF	RAW	RRW
B529	0	0.0925039	0	0	0	0	0
B539	0	0.0178836	0	0	0	0	0
B42	0	0.0666661	0	0	0	0	0
B195	0	0.082048	0	0	0	0	0
B77	0	0.0444505	0	0	0	0	0
B68	0	0.0909154	0	0	0	0	0
B467	0	0.0310339	0	0	0	0	0
B544	0	0.0414618	0	0	0	0	0
B545	0	0.0332338	0	0	0	0	0
B300	0	0.0670953	0	0	0	0	0
B463	0	0.0568427	0	0	0	0	0
B215	0	0.0963125	0	0	0	0	0
B392	0	0.0610013	0	0	0	0	0
B248	0	0.0687992	0	0	0	0	0
B252	0	0.0416063	0	0	0	0	0
B88	0	0.00626181	0	0	0	0	0
B223	0	0.0501001	0	0	0	0	0
B89	0	0.0355068	0	0	0	0	0
B620	0	0.075692	0	0	0	0	0
B546	0	0.0436363	0	0	0	0	0
B413	0	0.0365526	0	0	0	0	0
B469	0	0.0784288	0	0	0	0	0
B136	0	0.0791111	0	0	0	0	0
B337	0	0.0475169	0	0	0	0	0
B541	0	0.0695191	0	0	0	0	0
B490	0	0.0534803	0	0	0	0	0
B540	0	0.0970626	0	0	0	0	0
B499	0	0.0675211	0	0	0	0	0
B161	0	0.0317035	0	0	0	0	0
B357	0	0.0431307	0	0	0	0	0
B543	0	0.0348195	0	0	0	0	0
B368	0	0.0288075	0	0	0	0	0
B542	0	0.0836467	0	0	0	0	0
B165	0	0.0809021	0	0	0	0	0
B547	0	0.0767893	0	0	0	0	0
B209	0	0.0322241	0	0	0	0	0
B107	0	0.0717721	0	0	0	0	0
B110	0	0.0234971	0	0	0	0	0
B247	0	0.0386507	0	0	0	0	0
B450	0	0.0915765	0	0	0	0	0
B96	0	0.0404213	0	0	0	0	0
B132	0	0.0740167	0	0	0	0	0
B230	0	0.0733765	0	0	0	0	0
B590	0	0.0110901	0	0	0	0	0
B551	0	0.0675261	0	0	0	0	0
B245	0	0.0981314	0	0	0	0	0
B85	0	0.0434274	0	0	0	0	0
B99	0	0.0472516	0	0	0	0	0
B232	0	0.00427696	0	0	0	0	0
B534	0	0.0943537	0	0	0	0	0
B475	0	0.0426982	0	0	0	0	0
B369	0	0.0125123	0	0	0	0	0
B561	0	0.0616926	0	0	0	0	0
B73	0	0.0233381	0	0	0	0	0
B282	0	0.0194468	0	0	0	0	0
B562	0	0.0632711	0	0	0	0	0
B169	0	0.0730563	0	0	0	0	0
B231	0	0.0477327	0	0	0	0	0
B327	0	0.0105736	0	0	0	0	0
B528	0	0.0991327	0	0	0	0	0
B563	0	0.0107542	0	0	0	0	0
B483	0	0.0897515	0	0	0	0	0
B339	0	0.000532524	0	0	0	0	0
B548	0	0.019735	0	0	0	0	0
B355	0	0.0816909	0	0	0	0	0
B361	0	0.0327389	0	0	0	0	0
B552	0	0.00750699	0	0	0	0	0
B404	0	0.0890317	0	0	0	0	0
B553	0	0.0564585	0	0	0	0	0
B328	0	0.0829702	0	0	0	0	0
B554	0	0.0818102	0	0	0	0	0
B111	0	0.00783857	0	0	0	0	0
B479	0	0.0800637	0	0	0	0	0
B66	0	0.0532002	0	0	0	0	0
B72	0	0.0629994	0	0	0	0	0
B259	0	0.0763859	0	0	0	0	0
B186	0	0.00524448	0	0	0	0	0
B246	0	0.032063	0	0	0	0	0
B556	0	0.0955922	0	0	0	0	0
B394	0	0.0104627	0	0	0	0	0
B19	0	0.0448327	0	0	0	0	0
B558	0	0.0242049	0	0	0	0	0
B33	0	0.0608906	0	0	0	0	0
B202	0	0.0174887	0	0	0	0	0
B40	0	0.068484	0	0	0	0	0
B59	0	0.0336113	0	0	0	0	0
B211	0	0.00516134	0	0	0	0	0
B301	0	0.0821799	0	0	0	0	0
B174	0	0.0486125	0	0	0	0	0
B326	0	0.0936618	0	0	0	0	0
B591	0	0.0554421	0	0	0	0	0
B397	0	0.0198733	0	0	0	0	0
B559	0	0.0306437	0	0	0	0	0
B560	0	0.0708481	0	0	0	0	0
B446	0	0.0820282	0	0	0	0	0
B257	0	0.00466306	0	0	0	0	0
B428	0	0.0534939	0	0	0	0	0
B185	0	0.0122325	0	0	0	0	0
B51	0	0.0913647	0	0	0	0	0
B316	0	0.0731224	0	0	0	0	0
B25	0	0.0911151	0	0	0	0	0
B170	0	0.0776957	0	0	0	0	0
B497	0	0.0311466	0	0	0	0	0
B313	0	0.0496938	0	0	0	0	0
B584	0	0.00468497	0	0	0	0	0
B583	0	0.0983576	0	0	0	0	0
B207	0	0.0265423	0	0	0	0	0
B298	0	0.0185936	0	0	0	0	0
B32	0	0.020687	0	0	0	0	0
B184	0	0.0695785	0	0	0	0	0
B241	0	0.0887525	0	0	0	0	0
B593	0	0.0578114	0	0	0	0	0
B592	0	0.0523163	0	0	0	0	0
B594	0	0.0341344	0	0	0	0	0
B595	0	0.0928627	0	0	0	0	0
B220	0	0.0571525	0	0	0	0	0
B254	0	0.0607062	0	0	0	0	0
B166	0	0.0534188	0	0	0	0	0
B139	0	0.0871396	0	0	0	0	0
B80	0	0.0134736	0	0	0	0	0
B39	0	0.0512757	0	0	0	0	0
B341	0	0.00863157	0	0	0	0	0
B418	0	0.0892764	0	0	0	0	0
B602	0	0.0298566	0	0	0	0	0
B601	0	0.0709146	0	0	0	0	0
B603	0	0.000454072	0	0	0	0	0
B447	0	0.0132313	0	0	0	0	0
B427	0	0.0119387	0	0	0	0	0
B148	0	0.0506306	0	0	0	0	0
B261	0	0.083964	0	0	0	0	0
B606	0	0.09158	0	0	0	0	0
B177	0	0.0501263	0	0	0	0	0
B607	0	0.0526012	0	0	0	0	0
B449	0	0.0209664	0	0	0	0	0
B83	0	0.0352054	0	0	0	0	0
B168	0	0.0483964	0	0	0	0	0
B152	0	0.0938263	0	0	0	0	0
B255	0	0.0496815	0	0	0	0	0
B615	0	0.0362034	0	0	0	0	0
B614	0	0.0400335	0	0	0	0	0
B471	0	0.00226706	0	0	0	0	0
B256	0	0.0164778	0	0	0	0	0
B618	0	0.0463579	0	0	0	0	0
B491	0	0.0365134	0	0	0	0	0
B619	0	0.00232037	0	0	0	0	0
B164	0	0.0929375	0	0	0	0	0
B147	0	0.0271759	0	0	0	0	0
B616	0	0.0862406	0	0	0	0	0
B287	0	0.00734492	0	0	0	0	0
B8	0	0.0852088	0	0	0	0	0
B611	0	0.0754515	0	0	0	0	0
B613	0	0.0947608	0	0	0	0	0
B612	0	0.0417353	0	0	0	0	0
B617	0	0.0942004	0	0	0	0	0
B289	0	0.0010966	0	0	0	0	0
B91	0	0.0433206	0	0	0	0	0
B24	0	0.00212458	0	0	0	0	0
B158	0	0.0194171	0	0	0	0	0
B508	0	0.0333765	0	0	0	0	0
B346	0	0.0661309	0	0	0	0	0
B100	0	0.0750817	0	0	0	0	0
B609	0	0.0695751	0	0	0	0	0
B608	0	0.0229938	0	0	0	0	0
B9	0	0.0159671	0	0	0	0	0
B296	0	0.0435669	0	0	0	0	0
B137	0	0.00282678	0	0	0	0	0
B69	0	0.0638804	0	0	0	0	0
B270	0	0.0195307	0	0	0	0	0
B1	0	0.00871958	0	0	0	0	0
B234	0	0.014156	0	0	0	0	0
B406	0	0.0163364	0	0	0	0	0
B605	0	0.0434893	0	0	0	0	0
B514	0	0.00435148	0	0	0	0	0
B173	0	0.0577948	0	0	0	0	0
B610	0	0.0550227	0	0	0	0	0
B436	0	0.0234985	0	0	0	0	0
B84	0	0.0271937	0	0	0	0	0
B424	0	0.0621082	0	0	0	0	0
B604	0	0.0144794	0	0	0	0	0
B23	0	0.0790074	0	0	0	0	0
B599	0	0.0589163	0	0	0	0	0
B600	0	0.0813287	0	0	0	0	0
B598	0	0.0968418	0	0	0	0	0
B511	0	0.0974261	0	0	0	0	0
B596	0	0.0241652	0	0	0	0	0
B597	0	0.0675977	0	0	0	0	0
B325	0	0.0213381	0	0	0	0	0
B119	0	0.0776135	0	0	0	0	0
B480	0	0.0153966	0	0	0	0	0
B503	0	0.0713928	0	0	0	0	0
B312	0	0.0983671	0	0	0	0	0
B465	0	0.0543602	0	0	0	0	0
B365	0	0.00579646	0	0	0	0	0
B201	0	0.0829359	0	0	0	0	0
B175	0	0.0395819	0	0	0	0	0
B409	0	0.0764375	0	0	0	0	0
B516	0	0.0802896	0	0	0	0	0
B557	0	0.0109847	0	0	0	0	0
B440	0	0.0767352	0	0	0	0	0
B31	0	0.0801499	0	0	0	0	0
B517	0	0.0135947	0	0	0	0	0
B621	0	0.0713069	0	0	0	0	0
B622	0	0.0409709	0	0	0	0	0
B98	0	0.0262547	0	0	0	0	0
B212	0	0.0388424	0	0	0	0	0
B624	0	0.0124001	0	0	0	0	0
B398	0	0.0634909	0	0	0	0	0
B260	0	0.0926895	0	0	0	0	0
B395	0	0.0596334	0	0	0	0	0
B626	0	0.0942875	0	0	0	0	0
B461	0	0.0791236	0	0	0	0	0
B104	0	0.0969686	0	0	0	0	0
B405	0	0.0983098	0	0	0	0	0
B383	0	0.0602658	0	0	0	0	0
B236	0	0.0891534	0	0	0	0	0
B108	0	0.0679055	0	0	0	0	0
B530	0	0.0890282	0	0	0	0	0
B352	0	0.0358939	0	0	0	0	0
B507	0	0.0615269	0	0	0	0	0
B156	0	0.0995265	0	0	0	0	0
B176	0	0.0224158	0	0	0	0	0
B633	0	0.0421247	0	0	0	0	0
B200	0	0.050048	0	0	0	0	0
B128	0	0.0136024	0	0	0	0	0
B678	0	0.0141241	0	0	0	0	0
B677	0	0.0351841	0	0	0	0	0
B676	0	0.0284839	0	0	0	0	0
B421	0	0.0254859	0	0	0	0	0
B288	0	0.0927139	0	0	0	0	0
B118	0	0.0915824	0	0	0	0	0
B688	0	0.079104	0	0	0	0	0
B225	0	0.0275029	0	0	0	0	0
B227	0	0.0182214	0	0	0	0	0
B714	0	0.0363381	0	0	0	0	0
B57	0	0.0456773	0	0	0	0	0
B763	0	0.0084492	0	0	0	0	0
B787	0	0.0880753	0	0	0	0	0
B297	0	0.029139	0	0	0	0	0
B172	0	0.0832779	0	0	0	0	0
B476	0	0.0497499	0	0	0	0	0
B940	0	0.017512	0	0	0	0	0
B302	0	0.0212019	0	0	0	0	0
B537	0	0.065525	0	0	0	0	0
B472	0	0.0145275	0	0	0	0	0
B203	0	0.0559035	0	0	0	0	0
B939	0	0.0111488	0	0	0	0	0
B324	0	0.0288764	0	0	0	0	0
B284	0	0.0241319	0	0	0	0	0
B910	0	0.0794399	0	0	0	0	0
B911	0	0.08948	0	0	0	0	0
B938	0	0.0976045	0	0	0	0	0
B960	0	0.0504167	0	0	0	0	0
B961	0	0.0191475	0	0	0	0	0
B669	0	0.0288177	0	0	0	0	0
B377	0	0.0420878	0	0	0	0	0
B303	0	0.0025976	0	0	0	0	0
B462	0	0.0393695	0	0	0	0	0
B34	0	0.052708	0	0	0	0	0
B28	0	0.0837839	0	0	0	0	0
B468	0	0.059745	0	0	0	0	0
B786	0	0.0122797	0	0	0	0	0
B455	0	0.0266689	0	0	0	0	0
B785	0	0.084338	0	0	0	0	0
B784	0	0.0965303	0	0	0	0	0
B318	0	0.0125988	0	0	0	0	0
B401	0	0.0358274	0	0	0	0	0
B286	0	0.0910025	0	0	0	0	0
B239	0	0.0463412	0	0	0	0	0
B47	0	0.0031851	0	0	0	0	0
B737	0	0.000687238	0	0	0	0	0
B423	0	0.0410754	0	0	0	0	0
B764	0	0.0721295	0	0	0	0	0
B765	0	0.0592901	0	0	0	0	0
B322	0	0.00174324	0	0	0	0	0
B240	0	0.0899584	0	0	0	0	0
B180	0	0.0898269	0	0	0	0	0
B473	0	0.0284892	0	0	0	0	0
B878	0	0.0273699	0	0	0	0	0
B167	0	0.0786082	0	0	0	0	0
B912	0	0.0505243	0	0	0	0	0
B179	0	0.0634786	0	0	0	0	0
B191	0	0.0358677	0	0	0	0	0
B61	0	0.00881664	0	0	0	0	0
B93	0	0.0535806	0	0	0	0	0
B58	0	0.0573173	0	0	0	0	0
B414	0	0.0100822	0	0	0	0	0
B812	0	0.0212942	0	0	0	0	0
B829	0	0.0520388	0	0	0	0	0
B828	0	0.00238704	0	0	0	0	0
B868	0	0.0380312	0	0	0	0	0
B867	0	0.0911512	0	0	0	0	0
B519	0	0.0583734	0	0	0	0	0
B901	0	0.049052	0	0	0	0	0
B350	0	0.00902964	0	0	0	0	0
B193	0	0.034304	0	0	0	0	0
B345	0	0.0936961	0	0	0	0	0
B308	0	0.0662425	0	0	0	0	0
B122	0	0.097493	0	0	0	0	0
B431	0	0.0799249	0	0	0	0	0
B50	0	0.0820192	0	0	0	0	0
B501	0	0.0643827	0	0	0	0	0
B157	0	0.089081	0	0	0	0	0
B702	0	0.0920339	0	0	0	0	0
B49	0	0.0181473	0	0	0	0	0
B533	0	0.0758894	0	0	0	0	0
B410	0	0.0900923	0	0	0	0	0
B264	0	0.0467397	0	0	0	0	0
B92	0	0.000857113	0	0	0	0	0
B171	0	0.0256859	0	0	0	0	0
B426	0	0.0553721	0	0	0	0	0
B407	0	0.00267246	0	0	0	0	0
B415	0	0.0999913	0	0	0	0	0
B101	0	0.0334837	0	0	0	0	0
B509	0	0.0182449	0	0	0	0	0
B363	0	0.0786894	0	0	0	0	0
B182	0	0.0609162	0	0	0	0	0
B495	0	0.00427413	0	0	0	0	0
B342	0	0.00323008	0	0	0	0	0
B178	0	0.0126115	0	0	0	0	0
B134	0	0.0668838	0	0	0	0	0
B10	0	0.0337223	0	0	0	0	0
B388	0	0.0758854	0	0	0	0	0
B112	0	0.087891	0	0	0	0	0
B769	0	0.0349138	0	0	0	0	0
B818	0	0.0085302	0	0	0	0	0
B181	0	0.0790528	0	0	0	0	0
B429	0	0.0975161	0	0	0	0	0
B880	0	0.0263048	0	0	0	0	0
B879	0	0.0106787	0	0	0	0	0
B917	0	0.0585635	0	0	0	0	0
B196	0	0.0180684	0	0	0	0	0
B942	0	0.00397444	0	0	0	0	0
B520	0	0.0364797	0	0	0	0	0
B489	0	0.0434033	0	0	0	0	0
B965	0	0.00024734	0	0	0	0	0
B17	0	0.00698863	0	0	0	0	0
B90	0	0.0088798	0	0	0	0	0
B159	0	0.0564629	0	0	0	0	0
B881	0	0.0138788	0	0	0	0	0
B81	0	0.0193185	0	0	0	0	0
B102	0	0.0348374	0	0	0	0	0
B943	0	0.00310995	0	0	0	0	0
B918	0	0.067173	0	0	0	0	0
B27	0	0.0265329	0	0	0	0	0
B460	0	0.00238371	0	0	0	0	0
B219	0	0.0439227	0	0	0	0	0
B916	0	0.0346682	0	0	0	0	0
B915	0	0.0517032	0	0	0	0	0
B941	0	0.00804577	0	0	0	0	0
B964	0	0.0823949	0	0	0	0	0
B990	0	0.0372276	0	0	0	0	0
B989	0	0.0123129	0	0	0	0	0
B992	0	0.0576953	0	0	0	0	0
B493	0	0.0862411	0	0	0	0	0
B991	0	0.0175078	0	0	0	0	0
B14	0	0.0436281	0	0	0	0	0
B390	0	0.00798941	0	0	0	0	0
B513	0	0.0103942	0	0	0	0	0
B914	0	0.0443207	0	0	0	0	0
B370	0	0.0792626	0	0	0	0	0
B789	0	0.096086	0	0	0	0	0
B788	0	0.0423433	0	0	0	0	0
B103	0	0.0639132	0	0	0	0	0
B269	0	0.0279307	0	0	0	0	0
B145	0	0.0893435	0	0	0	0	0
B932	0	0.0189292	0	0	0	0	0
B931	0	0.0894809	0	0	0	0	0
B933	0	0.0201446	0	0	0	0	0
B728	0	0.0489675	0	0	0	0	0
B36	0	0.031527	0	0	0	0	0
B94	0	0.00734933	0	0	0	0	0
B487	0	0.0569348	0	0	0	0	0
B216	0	0.0324702	0	0	0	0	0
B307	0	0.0222057	0	0	0	0	0
B123	0	0.0517108	0	0	0	0	0
B21	0	0.00927736	0	0	0	0	0
B7	0	0.0332204	0	0	0	0	0
B391	0	0.0719622	0	0	0	0	0
B16	0	0.0597603	0	0	0	0	0
B278	0	0.0761699	0	0	0	0	0
B5	0	0.00381633	0	0	0	0	0
B824	0	0.0456727	0	0	0	0	0
B360	0	0.000955137	0	0	0	0	0
B512	0	0.065808	0	0	0	0	0
B458	0	0.0828069	0	0	0	0	0
B893	0	0.0754436	0	0	0	0	0
B925	0	0.0597994	0	0	0	0	0
B422	0	0.01301	0	0	0	0	0
B952	0	0.0754129	0	0	0	0	0
B115	0	0.0537541	0	0	0	0	0
B125	0	0.0802279	0	0	0	0	0
B772	0	0.010074	0	0	0	0	0
B249	0	0.0062645	0	0	0	0	0
B213	0	0.0107475	0	0	0	0	0
B396	0	0.0745579	0	0	0	0	0
B189	0	0.0668951	0	0	0	0	0
B888	0	0.0337852	0	0	0	0	0
B857	0	0.0904077	0	0	0	0	0
B856	0	0.0549076	0	0	0	0	0
B387	0	0.0350549	0	0	0	0	0
B477	0	0.0422728	0	0	0	0	0
B338	0	0.0851359	0	0	0	0	0
B242	0	0.07743	0	0	0	0	0
B652	0	0.0728798	0	0	0	0	0
B653	0	0.0996196	0	0	0	0	0
B348	0	0.0151706	0	0	0	0	0
B654	0	0.0819384	0	0	0	0	0
B105	0	0.0883881	0	0	0	0	0
B670	0	0.0627605	0	0	0	0	0
B281	0	0.0493224	0	0	0	0	0
B686	0	0.0653432	0	0	0	0	0
B698	0	0.0818509	0	0	0	0	0
B535	0	0.0600626	0	0	0	0	0
B757	0	0.0712734	0	0	0	0	0
B433	0	0.0762062	0	0	0	0	0
B150	0	0.0322064	0	0	0	0	0
B78	0	0.0751653	0	0	0	0	0
B834	0	0.0514199	0	0	0	0	0
B76	0	0.0991958	0	0	0	0	0
B323	0	0.0520877	0	0	0	0	0
B835	0	0.0666704	0	0	0	0	0
B86	0	0.0420363	0	0	0	0	0
B779	0	0.0973047	0	0	0	0	0
B378	0	0.0984445	0	0	0	0	0
B780	0	0.0330556	0	0	0	0	0
B478	0	0.0866103	0	0	0	0	0
B538	0	0.0626925	0	0	0	0	0
B754	0	0.024008	0	0	0	0	0
B756	0	0.031123	0	0	0	0	0
B755	0	0.00643069	0	0	0	0	0
B753	0	0.0559405	0	0	0	0	0
B314	0	0.00426042	0	0	0	0	0
B154	0	0.0197103	0	0	0	0	0
B420	0	0.00567905	0	0	0	0	0
B832	0	0.0738227	0	0	0	0	0
B271	0	0.0940891	0	0	0	0	0
B833	0	0.0794246	0	0	0	0	0
B905	0	0.0556978	0	0	0	0	0
B934	0	0.00524953	0	0	0	0	0
B936	0	0.0370176	0	0	0	0	0
B935	0	0.051662	0	0	0	0	0
B831	0	0.0909377	0	0	0	0	0
B48	0	0.0754176	0	0	0	0	0
B277	0	0.0570012	0	0	0	0	0
B253	0	0.0424982	0	0	0	0	0
B904	0	0.050551	0	0	0	0	0
B903	0	0.0923873	0	0	0	0	0
B315	0	0.0139231	0	0	0	0	0
B778	0	0.00421105	0	0	0	0	0
B815	0	0.0886567	0	0	0	0	0
B153	0	0.0080371	0	0	0	0	0
B127	0	0.00620651	0	0	0	0	0
B402	0	0.0778023	0	0	0	0	0
B457	0	0.0883941	0	0	0	0	0
B374	0	0.0859599	0	0	0	0	0
B317	0	0.0912628	0	0	0	0	0
B291	0	0.0546932	0	0	0	0	0
B890	0	0.0694327	0	0	0	0	0
B889	0	0.0689744	0	0	0	0	0
B311	0	0.0390093	0	0	0	0	0
B494	0	0.00897	0	0	0	0	0
B944	0	0.0227594	0	0	0	0	0
B945	0	0.0449475	0	0	0	0	0
B353	0	0.0956077	0	0	0	0	0
B995	0	0.0156563	0	0	0	0	0
B344	0	0.0457612	0	0	0	0	0
B969	0	0.0308385	0	0	0	0	0
B970	0	0.0528221	0	0	0	0	0
B518	0	0.0705928	0	0	0	0	0
B994	0	0.0365823	0	0	0	0	0
B22	0	0.0142184	0	0	0	0	0
B20	0	0.09054	0	0	0	0	0
B416	0	0.0604697	0	0	0	0	0
B768	0	0.0157246	0	0	0	0	0
B44	0	0.0486142	0	0	0	0	0
B263	0	0.0865675	0	0	0	0	0
B37	0	0.0398244	0	0	0	0	0
B408	0	0.0728723	0	0	0	0	0
B399	0	0.00706178	0	0	0	0	0
B825	0	0.0111712	0	0	0	0	0
B896	0	0.00744456	0	0	0	0	0
B897	0	0.0350656	0	0	0	0	0
B116	0	0.0146148	0	0	0	0	0
B927	0	0.00976236	0	0	0	0	0
B826	0	0.0431855	0	0	0	0	0
B13	0	0.000168054	0	0	0	0	0
B434	0	0.0657951	0	0	0	0	0
B206	0	0.0122336	0	0	0	0	0
B62	0	0.0628321	0	0	0	0	0
B280	0	0.0356473	0	0	0	0	0
B776	0	0.0948378	0	0	0	0	0
B235	0	0.0870469	0	0	0	0	0
B43	0	0.08901	0	0	0	0	0
B505	0	0.0797174	0	0	0	0	0
B827	0	0.0884457	0	0	0	0	0
B865	0	0.0470606	0	0	0	0	0
B864	0	0.0137451	0	0	0	0	0
B899	0	0.046485	0	0	0	0	0
B898	0	0.0125434	0	0	0	0	0
B928	0	0.043137	0	0	0	0	0
B981	0	0.0961095	0	0	0	0	0
B334	0	0.0959226	0	0	0	0	0
B983	0	0.0161747	0	0	0	0	0
B982	0	0.0970677	0	0	0	0	0
B229	0	0.0660208	0	0	0	0	0
B498	0	0.0031245	0	0	0	0	0
B866	0	0.0501163	0	0	0	0	0
B306	0	0.0224942	0	0	0	0	0
B121	0	0.0126479	0	0	0	0	0
B929	0	0.0454366	0	0	0	0	0
B45	0	0.0668474	0	0	0	0	0
B70	0	0.0991793	0	0	0	0	0
B444	0	0.0358775	0	0	0	0	0
B504	0	0.0837452	0	0	0	0	0
B439	0	0.0100935	0	0	0	0	0
B65	0	0.0229137	0	0	0	0	0
B796	0	0.0936288	0	0	0	0	0
B797	0	0.0939195	0	0	0	0	0
B140	0	0.0514724	0	0	0	0	0
B210	0	0.0944222	0	0	0	0	0
B54	0	0.0336923	0	0	0	0	0
B846	0	0.0448398	0	0	0	0	0
B190	0	0.0420767	0	0	0	0	0
B382	0	0.0876812	0	0	0	0	0
B354	0	0.0819702	0	0	0	0	0
B883	0	0.0825367	0	0	0	0	0
B526	0	0.0660821	0	0	0	0	0
B847	0	0.0887278	0	0	0	0	0
B376	0	0.026327	0	0	0	0	0
B848	0	0.0299888	0	0	0	0	0
B12	0	0.0245171	0	0	0	0	0
B984	0	0.0883667	0	0	0	0	0
B985	0	0.0398317	0	0	0	0	0
B986	0	0.0265768	0	0	0	0	0
B310	0	0.056049	0	0	0	0	0
B267	0	0.0442718	0	0	0	0	0
B665	0	0.00399856	0	0	0	0	0
B679	0	0.0740235	0	0	0	0	0
B689	0	0.0717014	0	0	0	0	0
B386	0	0.000329651	0	0	0	0	0
B198	0	0.00624516	0	0	0	0	0
B331	0	0.0324871	0	0	0	0	0
B238	0	0.086394	0	0	0	0	0
B445	0	0.0674091	0	0	0	0	0
B900	0	0.0169141	0	0	0	0	0
B18	0	0.0315466	0	0	0	0	0
B930	0	0.0175813	0	0	0	0	0
B329	0	0.0753012	0	0	0	0	0
B855	0	0.0286913	0	0	0	0	0
B887	0	0.0135097	0	0	0	0	0
B474	0	0.0961174	0	0	0	0	0
B233	0	0.0998134	0	0	0	0	0
B143	0	0.0545462	0	0	0	0	0
B266	0	0.00921678	0	0	0	0	0
B456	0	0.0168156	0	0	0	0	0
B954	0	0.0541691	0	0	0	0	0
B417	0	0.0270458	0	0	0	0	0
B1000	0	0.00810333	0	0	0	0	0
B214	0	0.0573535	0	0	0	0	0
B953	0	0.061827	0	0	0	0	0
B71	0	0.096406	0	0	0	0	0
B978	0	0.0649674	0	0	0	0	0
B113	0	0.00571686	0	0	0	0	0
B453	0	0.0847176	0	0	0	0	0
B999	0	0.0634346	0	0	0	0	0
B926	0	0.034822	0	0	0	0	0
B381	0	0.0846505	0	0	0	0	0
B205	0	0.0921684	0	0	0	0	0
B126	0	0.0386252	0	0	0	0	0
B892	0	0.0924967	0	0	0	0	0
B366	0	0.00646123	0	0	0	0	0
B924	0	0.0915178	0	0	0	0	0
B63	0	0.0012839	0	0	0	0	0
B194	0	0.0753716	0	0	0	0	0
B320	0	0.0862152	0	0	0	0	0
B367	0	0.0924778	0	0	0	0	0
B816	0	0.0977578	0	0	0	0	0
B224	0	0.0905464	0	0	0	0	0
B951	0	0.0385543	0	0	0	0	0
B950	0	0.0245829	0	0	0	0	0
B977	0	0.0944851	0	0	0	0	0
B976	0	0.0634374	0	0	0	0	0
B432	0	0.063799	0	0	0	0	0
B294	0	0.0730772	0	0	0	0	0
B124	0	0.0629621	0	0	0	0	0
B894	0	0.00710345	0	0	0	0	0
B895	0	0.0878105	0	0	0	0	0
B521	0	0.0420807	0	0	0	0	0
B142	0	0.0500128	0	0	0	0	0
B979	0	0.0447813	0	0	0	0	0
B373	0	0.0767423	0	0	0	0	0
B980	0	0.0260713	0	0	0	0	0
B822	0	0.0785817	0	0	0	0	0
B319	0	0.046011	0	0	0	0	0
B823	0	0.077071	0	0	0	0	0
B811	0	0.0567883	0	0	0	0	0
B810	0	0.0522788	0	0	0	0	0
B809	0	0.0143906	0	0	0	0	0
B393	0	0.0444724	0	0	0	0	0
B204	0	0.0368524	0	0	0	0	0
B775	0	0.0452643	0	0	0	0	0
B160	0	0.00851092	0	0	0	0	0
B38	0	0.0769281	0	0	0	0	0
B117	0	0.0655935	0	0	0	0	0
B441	0	0.0837315	0	0	0	0	0
B146	0	0.0340087	0	0	0	0	0
B807	0	0.0644881	0	0	0	0	0
B75	0	0.0177598	0	0	0	0	0
B808	0	0.0628004	0	0	0	0	0
B806	0	0.0760091	0	0	0	0	0
B805	0	0.0535206	0	0	0	0	0
B188	0	0.0361847	0	0	0	0	0
B82	0	0.025637	0	0	0	0	0
B821	0	0.0982716	0	0	0	0	0
B863	0	0.00961766	0	0	0	0	0
B244	0	0.0580109	0	0	0	0	0
B364	0	0.0814654	0	0	0	0	0
B752	0	0.020634	0	0	0	0	0
B55	0	0.0391199	0	0	0	0	0
B228	0	0.0019922	0	0	0	0	0
B321	0	0.0551805	0	0	0	0	0
B531	0	0.0603911	0	0	0	0	0
B11	0	0.0333803	0	0	0	0	0
B488	0	0.0817176	0	0	0	0	0
B340	0	0.0788836	0	0	0	0	0
B766	0	0.0441352	0	0	0	0	0
B767	0	0.0731266	0	0	0	0	0
B485	0	0.0578295	0	0	0	0	0
B842	0	0.00189261	0	0	0	0	0
B841	0	0.0890148	0	0	0	0	0
B502	0	0.00986206	0	0	0	0	0
B962	0	0.0309498	0	0	0	0	0
B400	0	0.020535	0	0	0	0	0
B299	0	0.0112728	0	0	0	0	0
B106	0	0.0419044	0	0	0	0	0
B425	0	0.0519424	0	0	0	0	0
B290	0	0.0656217	0	0	0	0	0
B963	0	0.034246	0	0	0	0	0
B527	0	0.0549747	0	0	0	0	0
B988	0	0.0841181	0	0	0	0	0
B293	0	0.0941467	0	0	0	0	0
B419	0	0.00736014	0	0	0	0	0
B3	0	0.0107709	0	0	0	0	0
B813	0	0.0550077	0	0	0	0	0
B333	0	0.0668748	0	0	0	0	0
B221	0	0.0248421	0	0	0	0	0
B243	0	0.0288717	0	0	0	0	0
B251	0	0.0168029	0	0	0	0	0
B442	0	0.0817619	0	0	0	0	0
B459	0	0.00649279	0	0	0	0	0
B454	0	0.017466	0	0	0	0	0
B492	0	0.0944835	0	0	0	0	0
B907	0	0.0845494	0	0	0	0	0
B30	0	0.0343469	0	0	0	0	0
B385	0	0.0690235	0	0	0	0	0
B937	0	0.0254919	0	0	0	0	0
B955	0	0.0252732	0	0	0	0	0
B250	0	0.0253369	0	0	0	0	0
B987	0	0.0294924	0	0	0	0	0
B349	0	0.046134	0	0	0	0	0
B356	0	0.0235141	0	0	0	0	0
B700	0	0.0583532	0	0	0	0	0
B135	0	0.0303813	0	0	0	0	0
B274	0	0.0406419	0	0	0	0	0
B197	0	0.0977231	0	0	0	0	0
B839	0	0.0269448	0	0	0	0	0
B840	0	0.0616223	0	0	0	0	0
B877	0	0.0439156	0	0	0	0	0
B908	0	0.0679576	0	0	0	0	0
B701	0	0.084267	0	0	0	0	0
B716	0	0.0415912	0	0	0	0	0
B718	0	0.0206995	0	0	0	0	0
B717	0	0.0892139	0	0	0	0	0
B500	0	0.0156194	0	0	0	0	0
B268	0	0.0544966	0	0	0	0	0
B790	0	0.0370295	0	0	0	0	0
B226	0	0.0954855	0	0	0	0	0
B130	0	0.0349546	0	0	0	0	0
B522	0	0.0263201	0	0	0	0	0
B843	0	0.0998297	0	0	0	0	0
B844	0	0.0889867	0	0	0	0	0
B149	0	0.020328	0	0	0	0	0
B882	0	0.00303385	0	0	0	0	0
B486	0	0.0189828	0	0	0	0	0
B114	0	0.0518701	0	0	0	0	0
B791	0	0.0996073	0	0	0	0	0
B371	0	0.078499	0	0	0	0	0
B309	0	0.0434609	0	0	0	0	0
B794	0	0.0903856	0	0	0	0	0
B793	0	0.0250234	0	0	0	0	0
B792	0	0.04513	0	0	0	0	0
B959	0	0.0984222	0	0	0	0	0
B958	0	0.0726578	0	0	0	0	0
B687	0	0.0129842	0	0	0	0	0
B506	0	0.0882953	0	0	0	0	0
B712	0	0.0205985	0	0	0	0	0
B711	0	0.0942407	0	0	0	0	0
B710	0	0.0752598	0	0	0	0	0
B713	0	0.0850487	0	0	0	0	0
B733	0	0.0850938	0	0	0	0	0
B732	0	0.0632266	0	0	0	0	0
B734	0	0.0239088	0	0	0	0	0
B783	0	0.0642893	0	0	0	0	0
B761	0	0.0749635	0	0	0	0	0
B403	0	0.0283307	0	0	0	0	0
B162	0	0.0341151	0	0	0	0	0
B187	0	0.0861648	0	0	0	0	0
B222	0	0.0690471	0	0	0	0	0
B956	0	0.0346835	0	0	0	0	0
B957	0	0.0330493	0	0	0	0	0
B909	0	0.0856072	0	0	0	0	0
B276	0	0.0110957	0	0	0	0	0
B830	0	0.0394169	0	0	0	0	0
B869	0	0.0235632	0	0	0	0	0
B379	0	0.0367751	0	0	0	0	0
B902	0	0.014263	0	0	0	0	0
B262	0	0.030276	0	0	0	0	0
B777	0	0.0403705	0	0	0	0	0
B510	0	0.0657856	0	0	0	0	0
B814	0	0.0513533	0	0	0	0	0
B362	0	0.0400718	0	0	0	0	0
B151	0	0.0398176	0	0	0	0	0
B913	0	0.0856285	0	0	0	0	0
B464	0	0.0638113	0	0	0	0	0
B411	0	0.0672469	0	0	0	0	0
B87	0	0.010863	0	0	0	0	0
B525	0	0.0529145	0	0	0	0	0
B715	0	0.0318676	0	0	0	0	0
B739	0	0.0301214	0	0	0	0	0
B375	0	0.0853137	0	0	0	0	0
B738	0	0.0784022	0	0	0	0	0
B64	0	0.035192	0	0	0	0	0
B735	0	0.0754089	0	0	0	0	0
B131	0	0.0871078	0	0	0	0	0
B636	0	0.0359578	0	0	0	0	0
B2	0	0.0407248	0	0	0	0	0
B120	0	0.0389265	0	0	0	0	0
B672	0	0.06295	0	0	0	0	0
B258	0	0.0524777	0	0	0	0	0
B730	0	0.0912003	0	0	0	0	0
B705	0	0.0592271	0	0	0	0	0
B706	0	0.0259592	0	0	0	0	0
B435	0	0.0439513	0	0	0	0	0
B707	0	0.0957993	0	0	0	0	0
B758	0	0.0408194	0	0	0	0	0
B343	0	0.0146418	0	0	0	0	0
B671	0	0.090778	0	0	0	0	0
B838	0	0.0829976	0	0	0	0	0
B837	0	0.0849866	0	0	0	0	0
B876	0	0.0252474	0	0	0	0	0
B52	0	0.0658078	0	0	0	0	0
B817	0	0.0876889	0	0	0	0	0
B412	0	0.0780102	0	0	0	0	0
B870	0	0.0915556	0	0	0	0	0
B183	0	0.0494479	0	0	0	0	0
B906	0	0.0807464	0	0	0	0	0
B305	0	0.0152883	0	0	0	0	0
B745	0	0.0980354	0	0	0	0	0
B389	0	0.0646608	0	0	0	0	0
B872	0	0.0946453	0	0	0	0	0
B871	0	0.0026911	0	0	0	0	0
B482	0	0.0549884	0	0	0	0	0
B836	0	0.0798567	0	0	0	0	0
B443	0	0.0884798	0	0	0	0	0
B874	0	0.0563686	0	0	0	0	0
B875	0	0.0775897	0	0	0	0	0
B873	0	0.000740347	0	0	0	0	0
B438	0	0.0113254	0	0	0	0	0
B335	0	0.0179805	0	0	0	0	0
B6	0	0.0536207	0	0	0	0	0
B736	0	0.0207183	0	0	0	0	0
B762	0	0.0743951	0	0	0	0	0
B41	0	0.0638357	0	0	0	0	0
B292	0	0.00418513	0	0	0	0	0
B199	0	0.0414733	0	0	0	0	0
B659	0	3.64654e-05	0	0	0	0	0
B645	0	0.0741602	0	0	0	0	0
B67	0	0.0723666	0	0	0	0	0
B217	0	0.0646839	0	0	0	0	0
B237	0	0.0220865	0	0	0	0	0
B658	0	0.0686915	0	0	0	0	0
B95	0	0.0694209	0	0	0	0	0
B675	0	0.0467721	0	0	0	0	0
B532	0	0.0144034	0	0	0	0	0
B657	0	0.0726194	0	0	0	0	0
B674	0	0.0139678	0	0	0	0	0
B646	0	0.0697531	0	0	0	0	0
B144	0	0.0369007	0	0	0	0	0
B625	0	0.00613492	0	0	0	0	0
B627	0	0.0757792	0	0	0	0	0
B347	0	0.00596349	0	0	0	0	0
B631	0	0.0607796	0	0	0	0	0
B632	0	0.0282449	0	0	0	0	0
B380	0	0.0626092	0	0	0	0	0
B46	0	0.0374528	0	0	0	0	0
B655	0	0.0531574	0	0	0	0	0
B656	0	0.0717503	0	0	0	0	0
B673	0	0.0175992	0	0	0	0	0
B699	0	0.0719613	0	0	0	0	0
B708	0	0.0456055	0	0	0	0	0
B709	0	0.0694948	0	0	0	0	0
B731	0	0.0514366	0	0	0	0	0
B759	0	0.064444	0	0	0	0	0
B782	0	0.0865716	0	0	0	0	0
B781	0	0.0869581	0	0	0	0	0
B384	0	0.0349862	0	0	0	0	0
B760	0	0.0802084	0	0	0	0	0
B623	0	0.0867587	0	0	0	0	0
B138	0	0.0521596	0	0	0	0	0
B192	0	0.0770288	0	0	0	0	0
B634	0	0.0243371	0	0	0	0	0
B650	0	0.0140599	0	0	0	0	0
B466	0	0.0188004	0	0	0	0	0
B667	0	0.00242346	0	0	0	0	0
B684	0	0.0198731	0	0	0	0	0
B683	0	0.0516067	0	0	0	0	0
B685	0	0.00285109	0	0	0	0	0
B437	0	0.00935781	0	0	0	0	0
B694	0	0.0599583	0	0	0	0	0
B452	0	0.0129651	0	0	0	0	0
B771	0	0.0200201	0	0	0	0	0
B265	0	0.0282454	0	0	0	0	0
B536	0	0.0454052	0	0	0	0	0
B693	0	0.0318978	0	0	0	0	0
B748	0	0.0354012	0	0	0	0	0
B133	0	0.0980439	0	0	0	0	0
B695	0	0.0376193	0	0	0	0	0
B515	0	0.0152245	0	0	0	0	0
B726	0	0.0345326	0	0	0	0	0
B725	0	0.0863276	0	0	0	0	0
B750	0	0.0788493	0	0	0	0	0
B749	0	0.0672516	0	0	0	0	0
B727	0	0.0926447	0	0	0	0	0
B751	0	0.0773013	0	0	0	0	0
B804	0	0.0194471	0	0	0	0	0
B858	0	0.0730176	0	0	0	0	0
B919	0	0.0467267	0	0	0	0	0
B859	0	0.00794558	0	0	0	0	0
B860	0	0.0478624	0	0	0	0	0
B15	0	0.00876226	0	0	0	0	0
B948	0	0.0640027	0	0	0	0	0
B973	0	0.0577168	0	0	0	0	0
B295	0	0.0879132	0	0	0	0	0
B996	0	0.0497512	0	0	0	0	0
B336	0	0.0126156	0	0	0	0	0
B972	0	0.0150752	0	0	0	0	0
B971	0	0.082919	0	0	0	0	0
B279	0	0.0436017	0	0	0	0	0
B60	0	0.018907	0	0	0	0	0
B923	0	0.0142013	0	0	0	0	0
B922	0	0.0459013	0	0	0	0	0
B947	0	0.0957007	0	0	0	0	0
B921	0	0.0392207	0	0	0	0	0
B129	0	0.066845	0	0	0	0	0
B920	0	0.0621978	0	0	0	0	0
B946	0	0.038328	0	0	0	0	0
B372	0	0.0604698	0	0	0	0	0
B862	0	0.00205519	0	0	0	0	0
B861	0	0.0677398	0	0	0	0	0
B330	0	0.0592827	0	0	0	0	0
B56	0	0.00733	0	0	0	0	0
B29	0	0.0768797	0	0	0	0	0
B109	0	0.0372116	0	0	0	0	0
B949	0	0.0374004	0	0	0	0	0
B975	0	0.0532432	0	0	0	0	0
B974	0	0.0860936	0	0	0	0	0
B998	0	0.0952187	0	0	0	0	0
B997	0	0.0161425	0	0	0	0	0
B155	0	0.0199507	0	0	0	0	0
B351	0	0.0668353	0	0	0	0	0
B891	0	0.0109161	0	0	0	0	0
B740	0	0.0217217	0	0	0	0	0
B283	0	0.0211638	0	0	0	0	0
B141	0	0.013738	0	0	0	0	0
B448	0	3.58396e-05	0	0	0	0	0
B795	0	0.0473352	0	0	0	0	0
B208	0	0.0819804	0	0	0	0	0
B819	0	0.099872	0	0	0	0	0
B820	0	0.0421939	0	0	0	0	0
B770	0	0.0234739	0	0	0	0	0
B97	0	0.0985348	0	0	0	0	0
B35	0	0.080934	0	0	0	0	0
B845	0	0.0925129	0	0	0	0	0
B304	0	0.0361539	0	0	0	0	0
B273	0	0.0939393	0	0	0	0	0
B451	0	0.0807674	0	0	0	0	0
B79	0	0.00441394	0	0	0	0	0
B358	0	0.0671589	0	0	0	0	0
B481	0	0.0666077	0	0	0	0	0
B774	0	0.099905	0	0	0	0	0
B332	0	0.00827796	0	0	0	0	0
B773	0	0.0530553	0	0	0	0	0
B803	0	0.0842175	0	0	0	0	0
B285	0	0.00375663	0	0	0	0	0
B802	0	0.0548725	0	0	0	0	0
B359	0	0.00894122	0	0	0	0	0
B484	0	0.00627403	0	0	0	0	0
B682	0	0.0515663	0	0	0	0	0
B692	0	0.0808836	0	0	0	0	0
B720	0	0.0971582	0	0	0	0	0
B741	0	0.0490559	0	0	0	0	0
B272	0	0.00677842	0	0	0	0	0
B470	0	0.0338225	0	0	0	0	0
B723	0	0.0607355	0	0	0	0	0
B703	0	0.0955842	0	0	0	0	0
B724	0	0.0668041	0	0	0	0	0
B163	0	0.0537687	0	0	0	0	0
B430	0	0.0329796	0	0	0	0	0
B747	0	0.0267935	0	0	0	0	0
B746	0	0.0169504	0	0	0	0	0
B53	0	0.0170135	0	0	0	0	0
B722	0	0.0637373	0	0	0	0	0
B743	0	0.0223228	0	0	0	0	0
B744	0	0.0819847	0	0	0	0	0
B799	0	0.0690034	0	0	0	0	0
B798	0	0.0521803	0	0	0	0	0
B801	0	0.0697174	0	0	0	0	0
B800	0	0.0795712	0	0	0	0	0
B275	0	0.079152	0	0	0	0	0
B26	0	0.0573412	0	0	0	0	0
B523	0	0.041098	0	0	0	0	0
B851	0	0.0696596	0	0	0	0	0
B852	0	0.0688343	0	0	0	0	0
B886	0	0.0912111	0	0	0	0	0
B218	0	0.0265922	0	0	0	0	0
B968	0	0.0583923	0	0	0	0	0
B4	0	0.09012	0	0	0	0	0
B524	0	0.0184037	0	0	0	0	0
B74	0	0.0483817	0	0	0	0	0
B853	0	0.0485185	0	0	0	0	0
B854	0	0.018081	0	0	0	0	0
B849	0	0.00710209	0	0	0	0	0
B496	0	0.0534938	0	0	0	0	0
B885	0	0.0772134	0	0	0	0	0
B884	0	0.0376323	0	0	0	0	0
B966	0	0.0725503	0	0	0	0	0
B993	0	0.0964927	0	0	0	0	0
B850	0	0.0511639	0	0	0	0	0
B967	0	0.0043218	0	0	0	0	0
B721	0	0.0698294	0	0	0	0	0
B742	0	0.0725761	0	0	0	0	0
B696	0	0.0487831	0	0	0	0	0
B638	0	0.0369056	0	0	0	0	0
B648	0	0.0109126	0	0	0	0	0
B649	0	0.0422425	0	0	0	0	0
B637	0	0.0902457	0	0	0	0	0
B641	0	0.0588344	0	0	0	0	0
B660	0	0.0227911	0	0	0	0	0
B661	0	0.0469829	0	0	0	0	0
B664	0	0.0339468	0	0	0	0	0
B663	0	0.00844867	0	0	0	0	0
B662	0	0.000323792	0	0	0	0	0
B647	0	0.0923613	0	0	0	0	0
B666	0	0.0677333	0	0	0	0	0
B690	0	0.0684984	0	0	0	0	0
B691	0	0.00669505	0	0	0	0	0
B719	0	0.0271656	0	0	0	0	0
B680	0	0.0260829	0	0	0	0	0
B681	0	0.0736368	0	0	0	0	0
B635	0	0.0149356	0	0	0	0	0
B640	0	0.0573634	0	0	0	0	0
B651	0	0.0626536	0	0	0	0	0
B697	0	0.0397229	0	0	0	0	0
B704	0	0.0649303	0	0	0	0	0
B729	0	0.0530156	0	0	0	0	0
B639	0	0.0809278	0	0	0	0	0
B643	0	0.053112	0	0	0	0	0
B642	0	0.0364069	0	0	0	0	0
B644	0	0.0492925	0	0	0	0	0
B668	0	0.0248835	0	0	0	0	0
B630	0	0.0452361	0	0	0	0	0
B628	0	0.0267762	0	0	0	0	0
B629	0	0.000483432	0	0	0	0	0
B555	0	0.0254455	0	0	0	0	0
B549	0	0.0116365	0	0	0	0	0
B550	0	0.0372753	0	0	0	0	0
B585	0	0.0060019	0	0	0	0	0
B586	0	0.0778433	0	0	0	0	0
B588	0	0.0123675	0	0	0	0	0
B589	0	0.0209278	0	0	0	0	0
B587	0	0.0235183	0	0	0	0	0
B564	0	0.0932685	0	0	0	0	0
B569	0	0.0745592	0	0	0	0	0
B568	0	0.0142422	0	0	0	0	0
B566	0	0.031222	0	0	0	0	0
B567	0	0.0726001	0	0	0	0	0
B572	0	0.0605345	0	0	0	0	0
B578	0	0.0747182	0	0	0	0	0
B581	0	0.00537865	0	0	0	0	0
B580	0	0.0671954	0	0	0	0	0
B579	0	0.0574675	0	0	0	0	0
B582	0	0.060691	0	0	0	0	0
B565	0	0.0752256	0	0	0	0	0
B570	0	0.000644456	0	0	0	0	0
B577	0	0.0955119	0	0	0	0	0
B576	0	0.0821182	0	0	0	0	0
B575	0	0.0408628	0	0	0	0	0
B573	0	0.0499543	0	0	0	0	0
B574	0	0.080251	0	0	0	0	0
B571	0	0.0526663	0	0	0	0	0
