top-event	mission-time	probability
root	0	4.01886e-07
basic-event	occurrences	Pr	MIF	CIF	DIF	RAW	RRW
B40	5	0.068484	5.86831e-06	1	1	14.6019	3.7957e+15
B53	5	0.0954673	4.20967e-06	1	1	10.4748	0
B54	5	0.0546587	7.35263e-06	1	1	18.2953	0
B21	5	0.00927736	4.3319e-05	1	1	107.789	0
B56	1	0.0387215	3.31534e-06	0.319431	0.345784	8.93003	1.46936
B55	1	0.0824759	3.31534e-06	0.680381	0.706742	8.56908	3.12873
B57	3	0.0835676	9.02886e-10	0.000187745	0.0837397	1.00206	1.00019
B58	3	0.0337731	2.23409e-09	0.000187745	0.0339545	1.00537	1.00019
B59	3	0.0454746	1.65921e-09	0.000187745	0.0456538	1.00394	1.00019
B61	1	0.0791111	4.25506e-10	8.37608e-05	0.0791883	1.00098	1.00008
B60	1	0.0980439	4.25506e-10	0.000103806	0.0981376	1.00095	1.0001
B13	1	0.000168054	4.25506e-10	1.77931e-07	0.000168232	1.00106	1
B63	0	0.0501263	0	0	0.0501263	1	1
B49	0	0.0181473	0	0	0.0181473	1	1
B62	0	0.0486125	0	0	0.0486125	1	1
B68	0	0.0573535	0	0	0.0573535	1	1
B20	0	0.09054	0	0	0.09054	1	1
B73	0	0.00418513	0	0	0.00418513	1	1
B85	0	0.00798941	0	0	0.00798941	1	1
B86	0	0.0444724	0	0	0.0444724	1	1
B95	0	0.0497499	0	0	0.0497499	1	1
B94	0	0.0338225	0	0	0.0338225	1	1
B109	0	0.0771394	0	0	0.0771394	1	1
B112	0	0.0987151	0	0	0.0987151	1	1
B111	0	0.066861	0	0	0.066861	1	1
B110	0	0.065403	0	0	0.065403	1	1
B32	0	0.020687	0	0	0.020687	1	1
B114	0	0.0980299	0	0	0.0980299	1	1
B113	0	0.0637873	0	0	0.0637873	1	1
B121	0	0.0332338	0	0	0.0332338	1	1
B129	0	0.0547717	0	0	0.0547717	1	1
B131	0	0.0587911	0	0	0.0587911	1	1
B130	0	0.0937304	0	0	0.0937304	1	1
B141	0	0.089616	0	0	0.089616	1	1
B140	0	0.019735	0	0	0.019735	1	1
B139	0	0.0989354	0	0	0.0989354	1	1
B146	0	0.0760667	0	0	0.0760667	1	1
B147	0	0.0334148	0	0	0.0334148	1	1
B984	0	0.0297809	0	0	0.0297809	1	1
B985	0	0.0340261	0	0	0.0340261	1	1
B986	0	0.0602961	0	0	0.0602961	1	1
B989	0	0.0885006	0	0	0.0885006	1	1
B988	0	0.00283524	0	0	0.00283524	1	1
B994	0	0.0386836	0	0	0.0386836	1	1
B14	0	0.0436281	0	0	0.0436281	1	1
B8	0	0.0852088	0	0	0.0852088	1	1
B125	0	0.0207998	0	0	0.0207998	1	1
B124	0	0.0865669	0	0	0.0865669	1	1
B26	0	0.0573412	0	0	0.0573412	1	1
B132	0	0.0268234	0	0	0.0268234	1	1
B144	0	0.0792915	0	0	0.0792915	1	1
B143	0	0.0405168	0	0	0.0405168	1	1
B142	0	0.0498853	0	0	0.0498853	1	1
B122	0	0.0444398	0	0	0.0444398	1	1
B17	0	0.00698863	0	0	0.00698863	1	1
B123	0	0.0287069	0	0	0.0287069	1	1
B343	0	0.0811047	0	0	0.0811047	1	1
B344	0	0.035241	0	0	0.035241	1	1
B3	0	0.0107709	0	0	0.0107709	1	1
B46	0	0.0374528	0	0	0.0374528	1	1
B29	0	0.0768797	0	0	0.0768797	1	1
B45	0	0.0668474	0	0	0.0668474	1	1
B990	0	0.041915	0	0	0.041915	1	1
B24	0	0.00212458	0	0	0.00212458	1	1
B997	0	0.0539387	0	0	0.0539387	1	1
B998	0	0.0590845	0	0	0.0590845	1	1
B19	0	0.0448327	0	0	0.0448327	1	1
B315	0	0.0473704	0	0	0.0473704	1	1
B314	0	0.0463579	0	0	0.0463579	1	1
B355	0	0.0117991	0	0	0.0117991	1	1
B354	0	0.0553817	0	0	0.0553817	1	1
B353	0	0.00882885	0	0	0.00882885	1	1
B351	0	0.0570583	0	0	0.0570583	1	1
B352	0	0.00323414	0	0	0.00323414	1	1
B996	0	0.0399429	0	0	0.0399429	1	1
B995	0	0.05296	0	0	0.05296	1	1
B28	0	0.0837839	0	0	0.0837839	1	1
B96	0	0.0182449	0	0	0.0182449	1	1
B97	0	0.065808	0	0	0.065808	1	1
B282	0	0.000593636	0	0	0.000593636	1	1
B284	0	0.0377305	0	0	0.0377305	1	1
B283	0	0.0488026	0	0	0.0488026	1	1
B987	0	0.0201274	0	0	0.0201274	1	1
B993	0	0.0466906	0	0	0.0466906	1	1
B35	0	0.080934	0	0	0.080934	1	1
B329	0	0.0729568	0	0	0.0729568	1	1
B330	0	0.0502742	0	0	0.0502742	1	1
B331	0	0.0193652	0	0	0.0193652	1	1
B377	0	0.0137391	0	0	0.0137391	1	1
B378	0	0.0097839	0	0	0.0097839	1	1
B408	0	0.0180539	0	0	0.0180539	1	1
B407	0	0.010325	0	0	0.010325	1	1
B406	0	0.0540329	0	0	0.0540329	1	1
B999	0	0.0527427	0	0	0.0527427	1	1
B1000	0	0.0244194	0	0	0.0244194	1	1
B992	0	0.039435	0	0	0.039435	1	1
B991	0	0.0707847	0	0	0.0707847	1	1
B156	0	0.065231	0	0	0.065231	1	1
B155	0	0.0767888	0	0	0.0767888	1	1
B154	0	0.0993352	0	0	0.0993352	1	1
B6	0	0.0536207	0	0	0.0536207	1	1
B91	0	0.0388264	0	0	0.0388264	1	1
B98	0	0.0833499	0	0	0.0833499	1	1
B99	0	0.0652259	0	0	0.0652259	1	1
B118	0	0.0795038	0	0	0.0795038	1	1
B127	0	0.0530397	0	0	0.0530397	1	1
B134	0	0.00945128	0	0	0.00945128	1	1
B25	0	0.0911151	0	0	0.0911151	1	1
B145	0	0.0410062	0	0	0.0410062	1	1
B149	0	0.0372753	0	0	0.0372753	1	1
B150	0	0.0527056	0	0	0.0527056	1	1
B148	0	0.0116365	0	0	0.0116365	1	1
B157	0	0.059781	0	0	0.059781	1	1
B159	0	0.0694006	0	0	0.0694006	1	1
B51	0	0.0913647	0	0	0.0913647	1	1
B158	0	0.0241961	0	0	0.0241961	1	1
B161	0	0.0621831	0	0	0.0621831	1	1
B162	0	0.0131272	0	0	0.0131272	1	1
B151	0	0.0450215	0	0	0.0450215	1	1
B153	0	0.0453122	0	0	0.0453122	1	1
B152	0	0.0179447	0	0	0.0179447	1	1
B42	0	0.0666661	0	0	0.0666661	1	1
B160	0	0.0908544	0	0	0.0908544	1	1
B47	0	0.0031851	0	0	0.0031851	1	1
B163	0	0.0626579	0	0	0.0626579	1	1
B23	0	0.0790074	0	0	0.0790074	1	1
B164	0	0.0864362	0	0	0.0864362	1	1
B165	0	0.0247271	0	0	0.0247271	1	1
B173	0	0.0748672	0	0	0.0748672	1	1
B172	0	0.0328546	0	0	0.0328546	1	1
B178	0	0.0952645	0	0	0.0952645	1	1
B184	0	0.0139907	0	0	0.0139907	1	1
B183	0	0.0451115	0	0	0.0451115	1	1
B188	0	0.0152667	0	0	0.0152667	1	1
B187	0	0.0699397	0	0	0.0699397	1	1
B9	0	0.0159671	0	0	0.0159671	1	1
B203	0	0.000779747	0	0	0.000779747	1	1
B202	0	0.0951033	0	0	0.0951033	1	1
B39	0	0.0512757	0	0	0.0512757	1	1
B50	0	0.0820192	0	0	0.0820192	1	1
B218	0	0.0301247	0	0	0.0301247	1	1
B241	0	0.0874089	0	0	0.0874089	1	1
B243	0	0.0926363	0	0	0.0926363	1	1
B242	0	0.0724115	0	0	0.0724115	1	1
B270	0	0.0964525	0	0	0.0964525	1	1
B16	0	0.0597603	0	0	0.0597603	1	1
B297	0	0.0353907	0	0	0.0353907	1	1
B298	0	0.0142538	0	0	0.0142538	1	1
B334	0	0.0545253	0	0	0.0545253	1	1
B332	0	0.00481645	0	0	0.00481645	1	1
B333	0	0.0781957	0	0	0.0781957	1	1
B380	0	0.0722049	0	0	0.0722049	1	1
B379	0	0.0469125	0	0	0.0469125	1	1
B274	0	0.0446448	0	0	0.0446448	1	1
B302	0	0.0971503	0	0	0.0971503	1	1
B301	0	0.0013713	0	0	0.0013713	1	1
B300	0	0.089873	0	0	0.089873	1	1
B299	0	0.0645487	0	0	0.0645487	1	1
B303	0	0.0346127	0	0	0.0346127	1	1
B336	0	0.0544858	0	0	0.0544858	1	1
B335	0	0.0374826	0	0	0.0374826	1	1
B381	0	0.0775718	0	0	0.0775718	1	1
B411	0	0.0226011	0	0	0.0226011	1	1
B410	0	0.0519472	0	0	0.0519472	1	1
B409	0	0.0682792	0	0	0.0682792	1	1
B412	0	0.011573	0	0	0.011573	1	1
B431	0	0.0570587	0	0	0.0570587	1	1
B448	0	0.0979227	0	0	0.0979227	1	1
B446	0	0.0868779	0	0	0.0868779	1	1
B447	0	0.047502	0	0	0.047502	1	1
B481	0	0.0288896	0	0	0.0288896	1	1
B480	0	0.0926498	0	0	0.0926498	1	1
B514	0	0.00399856	0	0	0.00399856	1	1
B539	0	0.00938409	0	0	0.00938409	1	1
B537	0	0.0895789	0	0	0.0895789	1	1
B538	0	0.0117664	0	0	0.0117664	1	1
B31	0	0.0801499	0	0	0.0801499	1	1
B574	0	0.056545	0	0	0.056545	1	1
B573	0	0.0633515	0	0	0.0633515	1	1
B515	0	0.0181025	0	0	0.0181025	1	1
B541	0	0.0376359	0	0	0.0376359	1	1
B540	0	0.0242673	0	0	0.0242673	1	1
B575	0	0.0902547	0	0	0.0902547	1	1
B576	0	0.0701524	0	0	0.0701524	1	1
B542	0	0.0836089	0	0	0.0836089	1	1
B543	0	0.071296	0	0	0.071296	1	1
B578	0	0.0934805	0	0	0.0934805	1	1
B577	0	0.0363109	0	0	0.0363109	1	1
B271	0	0.0653964	0	0	0.0653964	1	1
B272	0	0.0474983	0	0	0.0474983	1	1
B273	0	0.0873144	0	0	0.0873144	1	1
B44	0	0.0486142	0	0	0.0486142	1	1
B217	0	0.0308333	0	0	0.0308333	1	1
B216	0	0.0927045	0	0	0.0927045	1	1
B239	0	0.0889821	0	0	0.0889821	1	1
B240	0	0.0377221	0	0	0.0377221	1	1
B268	0	0.0997908	0	0	0.0997908	1	1
B267	0	0.0778016	0	0	0.0778016	1	1
B269	0	0.0773508	0	0	0.0773508	1	1
B295	0	0.0695751	0	0	0.0695751	1	1
B296	0	0.0139283	0	0	0.0139283	1	1
B294	0	0.0229938	0	0	0.0229938	1	1
B328	0	0.0654271	0	0	0.0654271	1	1
B374	0	0.00152684	0	0	0.00152684	1	1
B376	0	0.0509364	0	0	0.0509364	1	1
B375	0	0.00903463	0	0	0.00903463	1	1
B405	0	0.0950324	0	0	0.0950324	1	1
B428	0	0.0368977	0	0	0.0368977	1	1
B10	0	0.0337223	0	0	0.0337223	1	1
B430	0	0.0437721	0	0	0.0437721	1	1
B429	0	0.0681977	0	0	0.0681977	1	1
B200	0	0.0457011	0	0	0.0457011	1	1
B201	0	0.0313577	0	0	0.0313577	1	1
B215	0	0.0987847	0	0	0.0987847	1	1
B214	0	0.085359	0	0	0.085359	1	1
B232	0	0.00648606	0	0	0.00648606	1	1
B255	0	0.0475397	0	0	0.0475397	1	1
B254	0	0.0496438	0	0	0.0496438	1	1
B289	0	0.082803	0	0	0.082803	1	1
B43	0	0.08901	0	0	0.08901	1	1
B360	0	0.0680211	0	0	0.0680211	1	1
B361	0	0.016902	0	0	0.016902	1	1
B394	0	0.0840424	0	0	0.0840424	1	1
B395	0	0.0413685	0	0	0.0413685	1	1
B467	0	0.00989838	0	0	0.00989838	1	1
B466	0	0.0705179	0	0	0.0705179	1	1
B465	0	0.0388044	0	0	0.0388044	1	1
B499	0	0.0216434	0	0	0.0216434	1	1
B498	0	0.0640049	0	0	0.0640049	1	1
B79	0	0.0496938	0	0	0.0496938	1	1
B80	0	0.046011	0	0	0.046011	1	1
B78	0	0.056049	0	0	0.056049	1	1
B88	0	0.0387295	0	0	0.0387295	1	1
B87	0	0.0653487	0	0	0.0653487	1	1
B316	0	0.00457689	0	0	0.00457689	1	1
B34	0	0.052708	0	0	0.052708	1	1
B358	0	0.0278907	0	0	0.0278907	1	1
B357	0	0.0495147	0	0	0.0495147	1	1
B356	0	0.0512713	0	0	0.0512713	1	1
B359	0	0.0340304	0	0	0.0340304	1	1
B393	0	0.0996823	0	0	0.0996823	1	1
B392	0	0.0285108	0	0	0.0285108	1	1
B423	0	0.0696355	0	0	0.0696355	1	1
B438	0	0.0174273	0	0	0.0174273	1	1
B437	0	0.010509	0	0	0.010509	1	1
B436	0	0.0376839	0	0	0.0376839	1	1
B460	0	0.0610918	0	0	0.0610918	1	1
B459	0	0.0675778	0	0	0.0675778	1	1
B458	0	0.00623793	0	0	0.00623793	1	1
B253	0	0.0715722	0	0	0.0715722	1	1
B288	0	0.0924997	0	0	0.0924997	1	1
B789	0	0.0161413	0	0	0.0161413	1	1
B788	0	0.0596689	0	0	0.0596689	1	1
B790	0	0.00320294	0	0	0.00320294	1	1
B791	0	0.048026	0	0	0.048026	1	1
B439	0	0.0337424	0	0	0.0337424	1	1
B463	0	0.0834675	0	0	0.0834675	1	1
B464	0	0.0532703	0	0	0.0532703	1	1
B462	0	0.0846969	0	0	0.0846969	1	1
B461	0	0.0924181	0	0	0.0924181	1	1
B497	0	0.0397165	0	0	0.0397165	1	1
B496	0	0.016333	0	0	0.016333	1	1
B526	0	0.0674222	0	0	0.0674222	1	1
B525	0	0.014509	0	0	0.014509	1	1
B495	0	0.0836378	0	0	0.0836378	1	1
B494	0	0.00674786	0	0	0.00674786	1	1
B524	0	0.0288177	0	0	0.0288177	1	1
B18	0	0.0315466	0	0	0.0315466	1	1
B5	0	0.00381633	0	0	0.00381633	1	1
B523	0	0.0116843	0	0	0.0116843	1	1
B317	0	0.0292781	0	0	0.0292781	1	1
B363	0	0.0397946	0	0	0.0397946	1	1
B362	0	0.00861981	0	0	0.00861981	1	1
B320	0	0.0859529	0	0	0.0859529	1	1
B319	0	0.0384265	0	0	0.0384265	1	1
B318	0	0.0543661	0	0	0.0543661	1	1
B364	0	0.0506164	0	0	0.0506164	1	1
B398	0	0.0269955	0	0	0.0269955	1	1
B397	0	0.0126235	0	0	0.0126235	1	1
B396	0	0.0178229	0	0	0.0178229	1	1
B793	0	0.0340853	0	0	0.0340853	1	1
B792	0	0.0293673	0	0	0.0293673	1	1
B794	0	0.0456871	0	0	0.0456871	1	1
B795	0	0.0318349	0	0	0.0318349	1	1
B38	0	0.0769281	0	0	0.0769281	1	1
B48	0	0.0754176	0	0	0.0754176	1	1
B30	0	0.0343469	0	0	0.0343469	1	1
B281	0	0.0711502	0	0	0.0711502	1	1
B280	0	0.0719452	0	0	0.0719452	1	1
B279	0	0.0984839	0	0	0.0984839	1	1
B399	0	0.0212417	0	0	0.0212417	1	1
B425	0	0.0474881	0	0	0.0474881	1	1
B424	0	0.0937815	0	0	0.0937815	1	1
B503	0	0.00694847	0	0	0.00694847	1	1
B502	0	0.0382714	0	0	0.0382714	1	1
B504	0	3.64654e-05	0	0	3.64654e-05	1	1
B531	0	0.0154832	0	0	0.0154832	1	1
B532	0	0.0243403	0	0	0.0243403	1	1
B530	0	0.0129645	0	0	0.0129645	1	1
B567	0	0.0789129	0	0	0.0789129	1	1
B594	0	0.0717014	0	0	0.0717014	1	1
B593	0	0.0808273	0	0	0.0808273	1	1
B611	0	0.0847348	0	0	0.0847348	1	1
B612	0	0.0207728	0	0	0.0207728	1	1
B613	0	0.0813547	0	0	0.0813547	1	1
B642	0	0.0521832	0	0	0.0521832	1	1
B643	0	0.0294047	0	0	0.0294047	1	1
B675	0	0.0440614	0	0	0.0440614	1	1
B674	0	0.0622664	0	0	0.0622664	1	1
B692	0	0.0727071	0	0	0.0727071	1	1
B691	0	0.0241401	0	0	0.0241401	1	1
B595	0	0.00122281	0	0	0.00122281	1	1
B2	0	0.0407248	0	0	0.0407248	1	1
B102	0	0.0679634	0	0	0.0679634	1	1
B101	0	0.0231537	0	0	0.0231537	1	1
B108	0	0.0807239	0	0	0.0807239	1	1
B106	0	0.0480894	0	0	0.0480894	1	1
B107	0	0.014372	0	0	0.014372	1	1
B120	0	0.0359081	0	0	0.0359081	1	1
B128	0	0.0235071	0	0	0.0235071	1	1
B138	0	0.0431878	0	0	0.0431878	1	1
B137	0	0.0957083	0	0	0.0957083	1	1
B103	0	0.0879602	0	0	0.0879602	1	1
B105	0	0.0785425	0	0	0.0785425	1	1
B104	0	0.031531	0	0	0.031531	1	1
B507	0	0.0455326	0	0	0.0455326	1	1
B506	0	0.0186652	0	0	0.0186652	1	1
B505	0	0.098672	0	0	0.098672	1	1
B508	0	0.0864936	0	0	0.0864936	1	1
B471	0	0.0981653	0	0	0.0981653	1	1
B470	0	0.0694535	0	0	0.0694535	1	1
B472	0	0.00981415	0	0	0.00981415	1	1
B440	0	0.0237921	0	0	0.0237921	1	1
B469	0	0.082932	0	0	0.082932	1	1
B468	0	0.0995883	0	0	0.0995883	1	1
B501	0	0.0009708	0	0	0.0009708	1	1
B529	0	0.085497	0	0	0.085497	1	1
B564	0	0.0469575	0	0	0.0469575	1	1
B563	0	0.00394405	0	0	0.00394405	1	1
B565	0	0.0515663	0	0	0.0515663	1	1
B566	0	0.0271829	0	0	0.0271829	1	1
B590	0	0.0977389	0	0	0.0977389	1	1
B589	0	0.0668396	0	0	0.0668396	1	1
B602	0	0.0349354	0	0	0.0349354	1	1
B603	0	0.0943361	0	0	0.0943361	1	1
B604	0	0.096834	0	0	0.096834	1	1
B630	0	0.0719613	0	0	0.0719613	1	1
B661	0	0.0287912	0	0	0.0287912	1	1
B660	0	0.063233	0	0	0.063233	1	1
B683	0	0.071824	0	0	0.071824	1	1
B685	0	0.0729976	0	0	0.0729976	1	1
B684	0	0.0894001	0	0	0.0894001	1	1
B698	0	0.0531041	0	0	0.0531041	1	1
B719	0	0.0226163	0	0	0.0226163	1	1
B718	0	0.0208729	0	0	0.0208729	1	1
B720	0	0.0425997	0	0	0.0425997	1	1
B731	0	0.0862603	0	0	0.0862603	1	1
B730	0	0.0936506	0	0	0.0936506	1	1
B732	0	0.0851728	0	0	0.0851728	1	1
B721	0	0.0377797	0	0	0.0377797	1	1
B722	0	0.0868566	0	0	0.0868566	1	1
B4	0	0.09012	0	0	0.09012	1	1
B12	0	0.0245171	0	0	0.0245171	1	1
B749	0	0.000687238	0	0	0.000687238	1	1
B748	0	0.0673146	0	0	0.0673146	1	1
B765	0	0.0184448	0	0	0.0184448	1	1
B764	0	0.0298454	0	0	0.0298454	1	1
B763	0	0.0243149	0	0	0.0243149	1	1
B777	0	0.0959775	0	0	0.0959775	1	1
B776	0	0.00113695	0	0	0.00113695	1	1
B766	0	0.0508677	0	0	0.0508677	1	1
B767	0	0.0769461	0	0	0.0769461	1	1
B768	0	0.0490559	0	0	0.0490559	1	1
B37	0	0.0398244	0	0	0.0398244	1	1
B778	0	0.0155725	0	0	0.0155725	1	1
B781	0	0.0547363	0	0	0.0547363	1	1
B780	0	0.0947909	0	0	0.0947909	1	1
B787	0	0.0121951	0	0	0.0121951	1	1
B786	0	0.000290233	0	0	0.000290233	1	1
B783	0	0.0857352	0	0	0.0857352	1	1
B782	0	0.063752	0	0	0.063752	1	1
B762	0	0.032756	0	0	0.032756	1	1
B761	0	0.0305196	0	0	0.0305196	1	1
B681	0	0.0686951	0	0	0.0686951	1	1
B682	0	0.013398	0	0	0.013398	1	1
B697	0	0.0709999	0	0	0.0709999	1	1
B717	0	0.0881216	0	0	0.0881216	1	1
B716	0	0.0781587	0	0	0.0781587	1	1
B728	0	0.0381657	0	0	0.0381657	1	1
B744	0	0.097168	0	0	0.097168	1	1
B743	0	0.0141852	0	0	0.0141852	1	1
B729	0	0.00445718	0	0	0.00445718	1	1
B746	0	0.0563434	0	0	0.0563434	1	1
B745	0	0.029354	0	0	0.029354	1	1
B747	0	0.0784798	0	0	0.0784798	1	1
B758	0	0.00309156	0	0	0.00309156	1	1
B757	0	0.0229195	0	0	0.0229195	1	1
B760	0	0.0577113	0	0	0.0577113	1	1
B759	0	0.063543	0	0	0.063543	1	1
B451	0	0.0407746	0	0	0.0407746	1	1
B453	0	0.0533636	0	0	0.0533636	1	1
B452	0	0.00534875	0	0	0.00534875	1	1
B756	0	0.0475428	0	0	0.0475428	1	1
B755	0	0.0573384	0	0	0.0573384	1	1
B773	0	0.0226706	0	0	0.0226706	1	1
B775	0	0.0819847	0	0	0.0819847	1	1
B774	0	0.0223228	0	0	0.0223228	1	1
B605	0	0.0407293	0	0	0.0407293	1	1
B606	0	0.0398706	0	0	0.0398706	1	1
B633	0	0.017418	0	0	0.017418	1	1
B632	0	0.0987522	0	0	0.0987522	1	1
B631	0	0.0918793	0	0	0.0918793	1	1
B634	0	0.0950668	0	0	0.0950668	1	1
B662	0	0.0742307	0	0	0.0742307	1	1
B686	0	0.0922318	0	0	0.0922318	1	1
B703	0	0.098545	0	0	0.098545	1	1
B702	0	0.00370249	0	0	0.00370249	1	1
B701	0	0.0763264	0	0	0.0763264	1	1
B700	0	0.093996	0	0	0.093996	1	1
B699	0	0.0935924	0	0	0.0935924	1	1
B688	0	0.0619919	0	0	0.0619919	1	1
B687	0	0.0123894	0	0	0.0123894	1	1
B665	0	0.0111625	0	0	0.0111625	1	1
B664	0	0.0938354	0	0	0.0938354	1	1
B663	0	0.0326732	0	0	0.0326732	1	1
B708	0	0.0244822	0	0	0.0244822	1	1
B707	0	0.0335745	0	0	0.0335745	1	1
B706	0	0.0462122	0	0	0.0462122	1	1
B724	0	0.0695019	0	0	0.0695019	1	1
B723	0	0.0999676	0	0	0.0999676	1	1
B705	0	0.0470585	0	0	0.0470585	1	1
B704	0	0.0400998	0	0	0.0400998	1	1
B591	0	0.0767545	0	0	0.0767545	1	1
B592	0	0.079104	0	0	0.079104	1	1
B639	0	0.000876154	0	0	0.000876154	1	1
B638	0	0.0564124	0	0	0.0564124	1	1
B669	0	0.0979879	0	0	0.0979879	1	1
B668	0	0.00699534	0	0	0.00699534	1	1
B667	0	0.0424866	0	0	0.0424866	1	1
B670	0	0.0200301	0	0	0.0200301	1	1
B673	0	0.0593941	0	0	0.0593941	1	1
B672	0	0.0431323	0	0	0.0431323	1	1
B671	0	0.0184666	0	0	0.0184666	1	1
B312	0	0.00436943	0	0	0.00436943	1	1
B11	0	0.0333803	0	0	0.0333803	1	1
B346	0	0.0403697	0	0	0.0403697	1	1
B345	0	0.0122301	0	0	0.0122301	1	1
B387	0	0.0249075	0	0	0.0249075	1	1
B386	0	0.0565266	0	0	0.0565266	1	1
B348	0	0.0167738	0	0	0.0167738	1	1
B347	0	0.0318276	0	0	0.0318276	1	1
B389	0	0.0594715	0	0	0.0594715	1	1
B388	0	0.0651168	0	0	0.0651168	1	1
B640	0	0.0302014	0	0	0.0302014	1	1
B641	0	0.0568063	0	0	0.0568063	1	1
B637	0	0.000461406	0	0	0.000461406	1	1
B636	0	0.0872913	0	0	0.0872913	1	1
B635	0	0.0206846	0	0	0.0206846	1	1
B666	0	0.024763	0	0	0.024763	1	1
B689	0	0.0262962	0	0	0.0262962	1	1
B690	0	0.0392018	0	0	0.0392018	1	1
B709	0	0.0870865	0	0	0.0870865	1	1
B725	0	0.0391751	0	0	0.0391751	1	1
B726	0	0.0236253	0	0	0.0236253	1	1
B734	0	0.0569213	0	0	0.0569213	1	1
B733	0	0.0206707	0	0	0.0206707	1	1
B711	0	0.0330952	0	0	0.0330952	1	1
B710	0	0.0520794	0	0	0.0520794	1	1
B607	0	0.0973974	0	0	0.0973974	1	1
B610	0	0.0586388	0	0	0.0586388	1	1
B609	0	0.0318978	0	0	0.0318978	1	1
B608	0	0.0516631	0	0	0.0516631	1	1
B796	0	0.0331566	0	0	0.0331566	1	1
B797	0	0.0677531	0	0	0.0677531	1	1
B798	0	0.028509	0	0	0.028509	1	1
B799	0	0.0920858	0	0	0.0920858	1	1
B802	0	0.0712734	0	0	0.0712734	1	1
B818	0	0.0820895	0	0	0.0820895	1	1
B817	0	0.00352195	0	0	0.00352195	1	1
B816	0	0.0566953	0	0	0.0566953	1	1
B815	0	0.0708069	0	0	0.0708069	1	1
B810	0	0.0482203	0	0	0.0482203	1	1
B809	0	0.0749635	0	0	0.0749635	1	1
B807	0	0.0825778	0	0	0.0825778	1	1
B808	0	0.0449019	0	0	0.0449019	1	1
B813	0	0.0863257	0	0	0.0863257	1	1
B814	0	0.0105684	0	0	0.0105684	1	1
B812	0	0.0307207	0	0	0.0307207	1	1
B824	0	0.0640358	0	0	0.0640358	1	1
B826	0	0.0773107	0	0	0.0773107	1	1
B825	0	0.0948423	0	0	0.0948423	1	1
B838	0	0.0553254	0	0	0.0553254	1	1
B841	0	0.00444266	0	0	0.00444266	1	1
B842	0	0.0675285	0	0	0.0675285	1	1
B846	0	0.0410594	0	0	0.0410594	1	1
B850	0	0.000425233	0	0	0.000425233	1	1
B849	0	0.0319076	0	0	0.0319076	1	1
B848	0	0.065748	0	0	0.065748	1	1
B854	0	0.0278614	0	0	0.0278614	1	1
B853	0	0.0388931	0	0	0.0388931	1	1
B856	0	0.0298521	0	0	0.0298521	1	1
B855	0	0.0495836	0	0	0.0495836	1	1
B843	0	0.0726928	0	0	0.0726928	1	1
B837	0	0.00538449	0	0	0.00538449	1	1
B840	0	0.0872679	0	0	0.0872679	1	1
B839	0	0.00143631	0	0	0.00143631	1	1
B844	0	0.0215189	0	0	0.0215189	1	1
B845	0	0.00147423	0	0	0.00147423	1	1
B847	0	0.0994945	0	0	0.0994945	1	1
B852	0	0.0611094	0	0	0.0611094	1	1
B851	0	0.0119332	0	0	0.0119332	1	1
B857	0	0.056335	0	0	0.056335	1	1
B858	0	0.0671663	0	0	0.0671663	1	1
B859	0	0.0175044	0	0	0.0175044	1	1
B861	0	0.00251033	0	0	0.00251033	1	1
B860	0	0.0136422	0	0	0.0136422	1	1
B864	0	0.0286746	0	0	0.0286746	1	1
B52	0	0.0658078	0	0	0.0658078	1	1
B41	0	0.0638357	0	0	0.0638357	1	1
B867	0	0.0569843	0	0	0.0569843	1	1
B862	0	0.0804679	0	0	0.0804679	1	1
B863	0	0.0932006	0	0	0.0932006	1	1
B33	0	0.0608906	0	0	0.0608906	1	1
B865	0	0.0675521	0	0	0.0675521	1	1
B36	0	0.031527	0	0	0.031527	1	1
B866	0	0.0688974	0	0	0.0688974	1	1
B868	0	0.063364	0	0	0.063364	1	1
B870	0	0.0992246	0	0	0.0992246	1	1
B869	0	0.0178694	0	0	0.0178694	1	1
B871	0	0.0736567	0	0	0.0736567	1	1
B873	0	0.0528723	0	0	0.0528723	1	1
B872	0	0.0170512	0	0	0.0170512	1	1
B875	0	0.00771758	0	0	0.00771758	1	1
B874	0	0.0884205	0	0	0.0884205	1	1
B880	0	0.0270564	0	0	0.0270564	1	1
B882	0	0.0340894	0	0	0.0340894	1	1
B881	0	0.0955075	0	0	0.0955075	1	1
B888	0	0.0507233	0	0	0.0507233	1	1
B889	0	0.025978	0	0	0.025978	1	1
B890	0	0.0369765	0	0	0.0369765	1	1
B891	0	0.04513	0	0	0.04513	1	1
B892	0	0.0250234	0	0	0.0250234	1	1
B896	0	0.00333106	0	0	0.00333106	1	1
B895	0	0.0071169	0	0	0.0071169	1	1
B893	0	0.0351033	0	0	0.0351033	1	1
B894	0	0.0171066	0	0	0.0171066	1	1
B897	0	0.0666323	0	0	0.0666323	1	1
B898	0	0.0973669	0	0	0.0973669	1	1
B900	0	0.0102324	0	0	0.0102324	1	1
B899	0	0.0409994	0	0	0.0409994	1	1
B901	0	0.0637941	0	0	0.0637941	1	1
B902	0	0.0872859	0	0	0.0872859	1	1
B904	0	0.0198764	0	0	0.0198764	1	1
B903	0	0.0299584	0	0	0.0299584	1	1
B906	0	0.0973999	0	0	0.0973999	1	1
B908	0	0.0548725	0	0	0.0548725	1	1
B907	0	0.0524457	0	0	0.0524457	1	1
B909	0	0.0705983	0	0	0.0705983	1	1
B910	0	0.0559334	0	0	0.0559334	1	1
B911	0	0.00688983	0	0	0.00688983	1	1
B919	0	0.0646509	0	0	0.0646509	1	1
B918	0	0.0316215	0	0	0.0316215	1	1
B921	0	0.098184	0	0	0.098184	1	1
B920	0	0.0302925	0	0	0.0302925	1	1
B923	0	0.0169711	0	0	0.0169711	1	1
B925	0	0.086168	0	0	0.086168	1	1
B924	0	0.0925396	0	0	0.0925396	1	1
B926	0	0.0348514	0	0	0.0348514	1	1
B933	0	0.0332736	0	0	0.0332736	1	1
B932	0	0.0422378	0	0	0.0422378	1	1
B934	0	0.0761913	0	0	0.0761913	1	1
B941	0	0.00147541	0	0	0.00147541	1	1
B940	0	0.0453041	0	0	0.0453041	1	1
B942	0	0.0830348	0	0	0.0830348	1	1
B948	0	0.0641339	0	0	0.0641339	1	1
B947	0	0.0442346	0	0	0.0442346	1	1
B952	0	0.076818	0	0	0.076818	1	1
B953	0	0.0235913	0	0	0.0235913	1	1
B939	0	0.0336369	0	0	0.0336369	1	1
B938	0	0.036488	0	0	0.036488	1	1
B937	0	0.0655952	0	0	0.0655952	1	1
B905	0	0.0527998	0	0	0.0527998	1	1
B915	0	0.00117076	0	0	0.00117076	1	1
B914	0	0.0523449	0	0	0.0523449	1	1
B913	0	0.0490248	0	0	0.0490248	1	1
B912	0	0.054008	0	0	0.054008	1	1
B916	0	0.0575326	0	0	0.0575326	1	1
B917	0	0.00629987	0	0	0.00629987	1	1
B922	0	0.0753057	0	0	0.0753057	1	1
B931	0	0.0146594	0	0	0.0146594	1	1
B935	0	0.041694	0	0	0.041694	1	1
B936	0	0.0595653	0	0	0.0595653	1	1
B928	0	0.0889474	0	0	0.0889474	1	1
B927	0	0.0757938	0	0	0.0757938	1	1
B943	0	0.0426576	0	0	0.0426576	1	1
B950	0	0.0525859	0	0	0.0525859	1	1
B949	0	0.0651394	0	0	0.0651394	1	1
B954	0	0.0251253	0	0	0.0251253	1	1
B956	0	0.0201755	0	0	0.0201755	1	1
B955	0	0.0698985	0	0	0.0698985	1	1
B959	0	0.0488084	0	0	0.0488084	1	1
B958	0	0.0257316	0	0	0.0257316	1	1
B946	0	0.094798	0	0	0.094798	1	1
B945	0	0.0847669	0	0	0.0847669	1	1
B944	0	0.0131293	0	0	0.0131293	1	1
B951	0	0.086078	0	0	0.086078	1	1
B957	0	0.020845	0	0	0.020845	1	1
B961	0	0.0779496	0	0	0.0779496	1	1
B960	0	0.0535794	0	0	0.0535794	1	1
B967	0	0.0914183	0	0	0.0914183	1	1
B971	0	0.078574	0	0	0.078574	1	1
B978	0	0.0813526	0	0	0.0813526	1	1
B977	0	0.0389422	0	0	0.0389422	1	1
B976	0	0.0893877	0	0	0.0893877	1	1
B968	0	0.08694	0	0	0.08694	1	1
B972	0	0.0637434	0	0	0.0637434	1	1
B973	0	0.0523289	0	0	0.0523289	1	1
B975	0	0.0764598	0	0	0.0764598	1	1
B974	0	0.0409566	0	0	0.0409566	1	1
B966	0	0.0356546	0	0	0.0356546	1	1
B970	0	0.00878226	0	0	0.00878226	1	1
B969	0	0.0996853	0	0	0.0996853	1	1
B963	0	0.0608808	0	0	0.0608808	1	1
B962	0	0.047321	0	0	0.047321	1	1
B965	0	0.00440176	0	0	0.00440176	1	1
B964	0	0.0528252	0	0	0.0528252	1	1
B457	0	0.0840436	0	0	0.0840436	1	1
B456	0	0.0569315	0	0	0.0569315	1	1
B492	0	0.0737367	0	0	0.0737367	1	1
B491	0	0.0728798	0	0	0.0728798	1	1
B493	0	0.00155405	0	0	0.00155405	1	1
B489	0	0.0126702	0	0	0.0126702	1	1
B490	0	0.0289904	0	0	0.0289904	1	1
B560	0	0.0985603	0	0	0.0985603	1	1
B561	0	0.0736368	0	0	0.0736368	1	1
B585	0	0.0921166	0	0	0.0921166	1	1
B622	0	0.083013	0	0	0.083013	1	1
B22	0	0.0142184	0	0	0.0142184	1	1
B654	0	0.0466372	0	0	0.0466372	1	1
B653	0	0.0317702	0	0	0.0317702	1	1
B652	0	0.0280607	0	0	0.0280607	1	1
B623	0	0.00147509	0	0	0.00147509	1	1
B624	0	0.0109908	0	0	0.0109908	1	1
B625	0	0.0296558	0	0	0.0296558	1	1
B655	0	0.0813903	0	0	0.0813903	1	1
B656	0	0.0642054	0	0	0.0642054	1	1
B185	0	0.0708481	0	0	0.0708481	1	1
B189	0	0.0464594	0	0	0.0464594	1	1
B190	0	0.0309367	0	0	0.0309367	1	1
B191	0	0.0883988	0	0	0.0883988	1	1
B205	0	0.0745592	0	0	0.0745592	1	1
B204	0	0.0142422	0	0	0.0142422	1	1
B194	0	0.0445508	0	0	0.0445508	1	1
B192	0	0.0777849	0	0	0.0777849	1	1
B193	0	0.00719594	0	0	0.00719594	1	1
B206	0	0.000644456	0	0	0.000644456	1	1
B219	0	0.0410224	0	0	0.0410224	1	1
B220	0	0.0284678	0	0	0.0284678	1	1
B246	0	0.0672639	0	0	0.0672639	1	1
B247	0	0.0230676	0	0	0.0230676	1	1
B278	0	0.0381355	0	0	0.0381355	1	1
B310	0	0.0931845	0	0	0.0931845	1	1
B311	0	0.0925725	0	0	0.0925725	1	1
B309	0	0.00118596	0	0	0.00118596	1	1
B245	0	0.0212583	0	0	0.0212583	1	1
B244	0	0.0378927	0	0	0.0378927	1	1
B277	0	0.0247028	0	0	0.0247028	1	1
B7	0	0.0332204	0	0	0.0332204	1	1
B275	0	0.0601496	0	0	0.0601496	1	1
B276	0	0.0317885	0	0	0.0317885	1	1
B308	0	0.0362034	0	0	0.0362034	1	1
B307	0	0.0400335	0	0	0.0400335	1	1
B342	0	0.0495214	0	0	0.0495214	1	1
B341	0	0.04385	0	0	0.04385	1	1
B385	0	0.0222241	0	0	0.0222241	1	1
B1	0	0.00871958	0	0	0.00871958	1	1
B415	0	0.0600394	0	0	0.0600394	1	1
B485	0	0.0705407	0	0	0.0705407	1	1
B484	0	0.0727249	0	0	0.0727249	1	1
B486	0	0.00600641	0	0	0.00600641	1	1
B449	0	0.0382281	0	0	0.0382281	1	1
B450	0	0.0844739	0	0	0.0844739	1	1
B483	0	0.0664391	0	0	0.0664391	1	1
B482	0	0.0941559	0	0	0.0941559	1	1
B521	0	0.0261898	0	0	0.0261898	1	1
B520	0	0.0777483	0	0	0.0777483	1	1
B552	0	0.000316779	0	0	0.000316779	1	1
B553	0	0.00751709	0	0	0.00751709	1	1
B554	0	0.0608356	0	0	0.0608356	1	1
B581	0	0.0155155	0	0	0.0155155	1	1
B580	0	0.047533	0	0	0.047533	1	1
B583	0	0.0302728	0	0	0.0302728	1	1
B582	0	0.0739601	0	0	0.0739601	1	1
B518	0	0.00377233	0	0	0.00377233	1	1
B517	0	0.0329011	0	0	0.0329011	1	1
B519	0	0.00812197	0	0	0.00812197	1	1
B548	0	0.0362079	0	0	0.0362079	1	1
B551	0	0.0690749	0	0	0.0690749	1	1
B550	0	0.0260469	0	0	0.0260469	1	1
B549	0	0.0387039	0	0	0.0387039	1	1
B516	0	0.0390681	0	0	0.0390681	1	1
B546	0	0.0432866	0	0	0.0432866	1	1
B545	0	0.086023	0	0	0.086023	1	1
B544	0	0.0682302	0	0	0.0682302	1	1
B547	0	0.0912615	0	0	0.0912615	1	1
B579	0	0.0343283	0	0	0.0343283	1	1
B27	0	0.0265329	0	0	0.0265329	1	1
B597	0	0.0488593	0	0	0.0488593	1	1
B596	0	0.0608169	0	0	0.0608169	1	1
B417	0	0.00161813	0	0	0.00161813	1	1
B416	0	0.0910038	0	0	0.0910038	1	1
B340	0	0.00759736	0	0	0.00759736	1	1
B339	0	0.0367528	0	0	0.0367528	1	1
B338	0	0.0037366	0	0	0.0037366	1	1
B304	0	0.0245955	0	0	0.0245955	1	1
B305	0	0.0103556	0	0	0.0103556	1	1
B306	0	0.0607157	0	0	0.0607157	1	1
B15	0	0.00876226	0	0	0.00876226	1	1
B337	0	0.0341498	0	0	0.0341498	1	1
B979	0	0.099872	0	0	0.099872	1	1
B980	0	0.0337438	0	0	0.0337438	1	1
B231	0	0.0664211	0	0	0.0664211	1	1
B982	0	0.0923741	0	0	0.0923741	1	1
B981	0	0.0631431	0	0	0.0631431	1	1
B983	0	0.0158003	0	0	0.0158003	1	1
B383	0	0.0450506	0	0	0.0450506	1	1
B384	0	0.0256632	0	0	0.0256632	1	1
B382	0	0.0462789	0	0	0.0462789	1	1
B413	0	0.0876906	0	0	0.0876906	1	1
B414	0	0.0461483	0	0	0.0461483	1	1
B221	0	0.0365635	0	0	0.0365635	1	1
B222	0	0.0549959	0	0	0.0549959	1	1
B224	0	0.0512319	0	0	0.0512319	1	1
B223	0	0.017825	0	0	0.017825	1	1
B249	0	0.0339862	0	0	0.0339862	1	1
B248	0	0.0320296	0	0	0.0320296	1	1
B196	0	0.0725457	0	0	0.0725457	1	1
B197	0	0.0671132	0	0	0.0671132	1	1
B195	0	0.0877764	0	0	0.0877764	1	1
B208	0	0.0511807	0	0	0.0511807	1	1
B207	0	0.0820559	0	0	0.0820559	1	1
B677	0	0.0213475	0	0	0.0213475	1	1
B676	0	0.0164634	0	0	0.0164634	1	1
B619	0	0.0331708	0	0	0.0331708	1	1
B621	0	0.0938906	0	0	0.0938906	1	1
B620	0	0.047326	0	0	0.047326	1	1
B562	0	0.0152935	0	0	0.0152935	1	1
B588	0	0.0129842	0	0	0.0129842	1	1
B626	0	0.0939215	0	0	0.0939215	1	1
B657	0	0.0855652	0	0	0.0855652	1	1
B678	0	0.0789004	0	0	0.0789004	1	1
B679	0	0.053691	0	0	0.053691	1	1
B693	0	0.0338283	0	0	0.0338283	1	1
B695	0	0.0495122	0	0	0.0495122	1	1
B694	0	0.061555	0	0	0.061555	1	1
B658	0	0.0794789	0	0	0.0794789	1	1
B659	0	0.0760612	0	0	0.0760612	1	1
B680	0	0.0873497	0	0	0.0873497	1	1
B696	0	0.0896101	0	0	0.0896101	1	1
B712	0	0.0650305	0	0	0.0650305	1	1
B713	0	0.0695756	0	0	0.0695756	1	1
B738	0	0.0796242	0	0	0.0796242	1	1
B737	0	0.0293104	0	0	0.0293104	1	1
B739	0	0.020613	0	0	0.020613	1	1
B750	0	0.060496	0	0	0.060496	1	1
B751	0	0.0769975	0	0	0.0769975	1	1
B752	0	0.0509894	0	0	0.0509894	1	1
B770	0	0.0139707	0	0	0.0139707	1	1
B769	0	0.0884491	0	0	0.0884491	1	1
B741	0	0.065775	0	0	0.065775	1	1
B740	0	0.0995332	0	0	0.0995332	1	1
B754	0	0.0575708	0	0	0.0575708	1	1
B753	0	0.0874914	0	0	0.0874914	1	1
B736	0	0.0657572	0	0	0.0657572	1	1
B735	0	0.0912003	0	0	0.0912003	1	1
B714	0	0.0499519	0	0	0.0499519	1	1
B715	0	0.024367	0	0	0.024367	1	1
B727	0	0.0707836	0	0	0.0707836	1	1
B742	0	0.0913759	0	0	0.0913759	1	1
B771	0	0.0571448	0	0	0.0571448	1	1
B772	0	0.0334123	0	0	0.0334123	1	1
B779	0	0.0262905	0	0	0.0262905	1	1
B785	0	0.0726205	0	0	0.0726205	1	1
B784	0	0.0767039	0	0	0.0767039	1	1
B627	0	0.0624814	0	0	0.0624814	1	1
B629	0	0.00701199	0	0	0.00701199	1	1
B628	0	0.0512365	0	0	0.0512365	1	1
B587	0	0.0477128	0	0	0.0477128	1	1
B586	0	0.0371758	0	0	0.0371758	1	1
B601	0	0.0125487	0	0	0.0125487	1	1
B600	0	0.0668169	0	0	0.0668169	1	1
B258	0	0.0327569	0	0	0.0327569	1	1
B327	0	0.00669532	0	0	0.00669532	1	1
B326	0	0.054415	0	0	0.054415	1	1
B325	0	0.0022673	0	0	0.0022673	1	1
B324	0	0.0590465	0	0	0.0590465	1	1
B323	0	0.0287844	0	0	0.0287844	1	1
B367	0	0.0663288	0	0	0.0663288	1	1
B366	0	0.0544749	0	0	0.0544749	1	1
B930	0	0.060616	0	0	0.060616	1	1
B929	0	0.046926	0	0	0.046926	1	1
B885	0	0.0326366	0	0	0.0326366	1	1
B887	0	0.0262088	0	0	0.0262088	1	1
B886	0	0.0989463	0	0	0.0989463	1	1
B877	0	0.0676323	0	0	0.0676323	1	1
B876	0	0.0734477	0	0	0.0734477	1	1
B879	0	0.0592738	0	0	0.0592738	1	1
B878	0	0.0389832	0	0	0.0389832	1	1
B883	0	0.0365422	0	0	0.0365422	1	1
B884	0	0.034907	0	0	0.034907	1	1
B801	0	0.0546257	0	0	0.0546257	1	1
B800	0	0.0542382	0	0	0.0542382	1	1
B805	0	0.00778459	0	0	0.00778459	1	1
B804	0	0.0539482	0	0	0.0539482	1	1
B803	0	0.0408194	0	0	0.0408194	1	1
B806	0	0.0807111	0	0	0.0807111	1	1
B811	0	0.013593	0	0	0.013593	1	1
B819	0	0.0102922	0	0	0.0102922	1	1
B820	0	0.084125	0	0	0.084125	1	1
B828	0	0.0148312	0	0	0.0148312	1	1
B827	0	0.0732813	0	0	0.0732813	1	1
B830	0	0.0941307	0	0	0.0941307	1	1
B829	0	0.089361	0	0	0.089361	1	1
B832	0	0.0602927	0	0	0.0602927	1	1
B831	0	0.0404881	0	0	0.0404881	1	1
B833	0	0.0810783	0	0	0.0810783	1	1
B823	0	0.0678219	0	0	0.0678219	1	1
B821	0	0.0661782	0	0	0.0661782	1	1
B822	0	0.0799013	0	0	0.0799013	1	1
B836	0	0.0628961	0	0	0.0628961	1	1
B835	0	0.0580108	0	0	0.0580108	1	1
B834	0	0.0428167	0	0	0.0428167	1	1
B500	0	0.0176275	0	0	0.0176275	1	1
B528	0	0.0140504	0	0	0.0140504	1	1
B527	0	0.0806745	0	0	0.0806745	1	1
B233	0	0.0454182	0	0	0.0454182	1	1
B257	0	0.050776	0	0	0.050776	1	1
B291	0	0.09158	0	0	0.09158	1	1
B290	0	0.099837	0	0	0.099837	1	1
B321	0	0.02445	0	0	0.02445	1	1
B322	0	0.0347163	0	0	0.0347163	1	1
B365	0	0.0935609	0	0	0.0935609	1	1
B400	0	0.017626	0	0	0.017626	1	1
B426	0	0.00502482	0	0	0.00502482	1	1
B441	0	0.0945589	0	0	0.0945589	1	1
B443	0	0.0786404	0	0	0.0786404	1	1
B442	0	0.0679503	0	0	0.0679503	1	1
B93	0	0.023999	0	0	0.023999	1	1
B92	0	0.0904407	0	0	0.0904407	1	1
B100	0	0.0421381	0	0	0.0421381	1	1
B119	0	0.0499562	0	0	0.0499562	1	1
B475	0	0.0223881	0	0	0.0223881	1	1
B474	0	0.0308096	0	0	0.0308096	1	1
B473	0	0.0225073	0	0	0.0225073	1	1
B510	0	0.0848192	0	0	0.0848192	1	1
B509	0	0.0270101	0	0	0.0270101	1	1
B533	0	0.036365	0	0	0.036365	1	1
B534	0	0.00700095	0	0	0.00700095	1	1
B570	0	0.00160912	0	0	0.00160912	1	1
B569	0	0.0593928	0	0	0.0593928	1	1
B568	0	0.0827904	0	0	0.0827904	1	1
B571	0	0.0465336	0	0	0.0465336	1	1
B572	0	0.0583051	0	0	0.0583051	1	1
B536	0	0.0775702	0	0	0.0775702	1	1
B535	0	0.0630039	0	0	0.0630039	1	1
B478	0	0.0815685	0	0	0.0815685	1	1
B476	0	0.0327573	0	0	0.0327573	1	1
B477	0	0.0848806	0	0	0.0848806	1	1
B513	0	0.0339468	0	0	0.0339468	1	1
B512	0	0.00844867	0	0	0.00844867	1	1
B511	0	0.000323792	0	0	0.000323792	1	1
B256	0	0.0366641	0	0	0.0366641	1	1
B234	0	0.0640568	0	0	0.0640568	1	1
B235	0	0.0381765	0	0	0.0381765	1	1
B266	0	0.0752201	0	0	0.0752201	1	1
B265	0	0.0868308	0	0	0.0868308	1	1
B292	0	0.0641341	0	0	0.0641341	1	1
B293	0	0.0526012	0	0	0.0526012	1	1
B372	0	0.00813431	0	0	0.00813431	1	1
B401	0	0.00876415	0	0	0.00876415	1	1
B402	0	0.0287769	0	0	0.0287769	1	1
B373	0	0.0269906	0	0	0.0269906	1	1
B404	0	0.020031	0	0	0.020031	1	1
B403	0	0.0585525	0	0	0.0585525	1	1
B427	0	0.0566292	0	0	0.0566292	1	1
B445	0	0.0537199	0	0	0.0537199	1	1
B444	0	0.014251	0	0	0.014251	1	1
B479	0	0.0986239	0	0	0.0986239	1	1
B371	0	0.0250776	0	0	0.0250776	1	1
B370	0	0.00658591	0	0	0.00658591	1	1
B369	0	0.00374069	0	0	0.00374069	1	1
B368	0	0.0872656	0	0	0.0872656	1	1
B238	0	0.0523163	0	0	0.0523163	1	1
B237	0	0.0406265	0	0	0.0406265	1	1
B236	0	0.0554421	0	0	0.0554421	1	1
B262	0	0.0707357	0	0	0.0707357	1	1
B264	0	0.061312	0	0	0.061312	1	1
B263	0	0.0963137	0	0	0.0963137	1	1
B261	0	0.0968418	0	0	0.0968418	1	1
B260	0	0.0650828	0	0	0.0650828	1	1
B259	0	0.0970589	0	0	0.0970589	1	1
B181	0	0.0497798	0	0	0.0497798	1	1
B182	0	0.0622044	0	0	0.0622044	1	1
B186	0	0.0436871	0	0	0.0436871	1	1
B199	0	0.0393341	0	0	0.0393341	1	1
B212	0	0.071942	0	0	0.071942	1	1
B211	0	0.0497046	0	0	0.0497046	1	1
B230	0	0.011782	0	0	0.011782	1	1
B229	0	0.0916785	0	0	0.0916785	1	1
B228	0	0.0554495	0	0	0.0554495	1	1
B252	0	0.0675977	0	0	0.0675977	1	1
B287	0	0.0749474	0	0	0.0749474	1	1
B313	0	0.0780623	0	0	0.0780623	1	1
B350	0	0.000429852	0	0	0.000429852	1	1
B349	0	0.0267762	0	0	0.0267762	1	1
B391	0	0.0126261	0	0	0.0126261	1	1
B390	0	0.028826	0	0	0.028826	1	1
B422	0	0.049136	0	0	0.049136	1	1
B421	0	0.00600331	0	0	0.00600331	1	1
B420	0	0.0589411	0	0	0.0589411	1	1
B418	0	0.0579501	0	0	0.0579501	1	1
B419	0	0.042417	0	0	0.042417	1	1
B432	0	0.0104319	0	0	0.0104319	1	1
B433	0	0.0841936	0	0	0.0841936	1	1
B454	0	0.00382598	0	0	0.00382598	1	1
B455	0	0.0378514	0	0	0.0378514	1	1
B487	0	0.0796193	0	0	0.0796193	1	1
B488	0	0.0476481	0	0	0.0476481	1	1
B522	0	0.0498886	0	0	0.0498886	1	1
B556	0	0.0386372	0	0	0.0386372	1	1
B555	0	0.0175269	0	0	0.0175269	1	1
B557	0	0.0537094	0	0	0.0537094	1	1
B559	0	0.0427224	0	0	0.0427224	1	1
B558	0	0.017929	0	0	0.017929	1	1
B584	0	0.0591209	0	0	0.0591209	1	1
B646	0	0.0117921	0	0	0.0117921	1	1
B645	0	0.0646096	0	0	0.0646096	1	1
B644	0	0.0355595	0	0	0.0355595	1	1
B647	0	0.0802172	0	0	0.0802172	1	1
B614	0	0.0197695	0	0	0.0197695	1	1
B615	0	0.0656155	0	0	0.0656155	1	1
B616	0	0.0662305	0	0	0.0662305	1	1
B650	0	0.0166074	0	0	0.0166074	1	1
B649	0	0.0483831	0	0	0.0483831	1	1
B648	0	0.0517774	0	0	0.0517774	1	1
B651	0	0.0474958	0	0	0.0474958	1	1
B598	0	0.0736712	0	0	0.0736712	1	1
B599	0	0.0595425	0	0	0.0595425	1	1
B618	0	0.0376193	0	0	0.0376193	1	1
B617	0	0.0910784	0	0	0.0910784	1	1
B434	0	0.0473794	0	0	0.0473794	1	1
B435	0	0.00400502	0	0	0.00400502	1	1
B225	0	0.0878983	0	0	0.0878983	1	1
B226	0	0.0735463	0	0	0.0735463	1	1
B227	0	0.0488638	0	0	0.0488638	1	1
B250	0	0.0862314	0	0	0.0862314	1	1
B251	0	0.0915601	0	0	0.0915601	1	1
B286	0	0.0925013	0	0	0.0925013	1	1
B285	0	0.0460734	0	0	0.0460734	1	1
B213	0	0.0471792	0	0	0.0471792	1	1
B198	0	0.0801827	0	0	0.0801827	1	1
B210	0	0.0631399	0	0	0.0631399	1	1
B209	0	0.0257767	0	0	0.0257767	1	1
B180	0	0.00184519	0	0	0.00184519	1	1
B179	0	0.0777331	0	0	0.0777331	1	1
B171	0	0.0158214	0	0	0.0158214	1	1
B177	0	0.0909209	0	0	0.0909209	1	1
B176	0	0.0203781	0	0	0.0203781	1	1
B166	0	0.0564585	0	0	0.0564585	1	1
B168	0	0.017129	0	0	0.017129	1	1
B167	0	0.0725707	0	0	0.0725707	1	1
B169	0	0.0588299	0	0	0.0588299	1	1
B170	0	0.06762	0	0	0.06762	1	1
B175	0	0.0909197	0	0	0.0909197	1	1
B174	0	0.0965185	0	0	0.0965185	1	1
B136	0	0.0306867	0	0	0.0306867	1	1
B135	0	0.0102033	0	0	0.0102033	1	1
B117	0	0.0014256	0	0	0.0014256	1	1
B115	0	0.05886	0	0	0.05886	1	1
B116	0	0.0677174	0	0	0.0677174	1	1
B126	0	0.091002	0	0	0.091002	1	1
B133	0	0.0801539	0	0	0.0801539	1	1
B89	0	0.0799249	0	0	0.0799249	1	1
B90	0	0.0657951	0	0	0.0657951	1	1
B67	0	0.0829359	0	0	0.0829359	1	1
B71	0	0.099543	0	0	0.099543	1	1
B72	0	0.0164778	0	0	0.0164778	1	1
B82	0	0.0047245	0	0	0.0047245	1	1
B81	0	0.0353013	0	0	0.0353013	1	1
B84	0	0.0780513	0	0	0.0780513	1	1
B83	0	0.00948658	0	0	0.00948658	1	1
B64	0	0.0584628	0	0	0.0584628	1	1
B66	0	0.0315513	0	0	0.0315513	1	1
B65	0	0.0460767	0	0	0.0460767	1	1
B70	0	0.0923027	0	0	0.0923027	1	1
B69	0	0.0948789	0	0	0.0948789	1	1
B76	0	0.05155	0	0	0.05155	1	1
B75	0	0.0282555	0	0	0.0282555	1	1
B74	0	0.0698828	0	0	0.0698828	1	1
B77	0	0.0465901	0	0	0.0465901	1	1
