top-event	mission-time	probability
root	0	0.00126847
basic-event	occurrences	Pr	MIF	CIF	DIF	RAW	RRW
B115	25156	0.0537541	0.0235976	1	1	18.6032	0
B178	72	0.0923027	0.00676556	0.492311	0.539172	5.84134	1.96971
B177	72	0.0948789	0.00676556	0.506051	0.552916	5.8276	2.0245
B182	25012	0.0983671	2.11225e-05	0.00163801	0.099844	1.01501	1.00164
B36	25012	0.031527	6.59042e-05	0.00163801	0.0331134	1.05032	1.00164
B191	2673	0.0956747	3.22308e-06	0.000243102	0.0958945	1.0023	1.00024
B154	1418	0.0197103	3.22274e-06	5.00771e-05	0.0197594	1.00249	1.00005
B107	2484	0.0717721	3.22305e-06	0.000182366	0.0719414	1.00236	1.00018
B202	2481	0.0711179	3.22305e-06	0.000180704	0.0712857	1.00236	1.00018
B19	433	0.0448327	2.86849e-08	1.01384e-06	0.0448337	1.00002	1
B210	433	0.0921458	1.39564e-08	1.01384e-06	0.0921467	1.00001	1
B217	263	0.091002	1.33025e-08	9.54346e-07	0.0910028	1.00001	1
B219	170	0.0583246	1.29387e-09	5.94927e-08	0.0583247	1	1
B122	170	0.097493	7.7405e-10	5.94927e-08	0.097493	1	1
B200	1423	0.019869	3.22274e-06	5.04804e-05	0.0199185	1.00249	1.00005
B201	2440	0.0648596	3.22305e-06	0.000164802	0.0650137	1.00238	1.00016
B21	1902	0.00927736	1.68485e-08	1.23227e-07	0.00927749	1.00001	1
B54	1902	0.0336923	4.63932e-09	1.23227e-07	0.0336924	1	1
B216	168	0.0207998	1.00386e-09	1.64608e-08	0.0207998	1	1
B215	170	0.0865669	1.00416e-09	6.8529e-08	0.086567	1	1
B69	1564	0.0638804	7.59271e-10	3.82372e-08	0.0638805	1	1
B232	137	0.0850699	6.18539e-11	4.14824e-09	0.0850699	1	1
B105	138	0.0883881	6.19671e-11	4.31794e-09	0.0883881	1	1
B8	137	0.0852088	6.18539e-11	4.15501e-09	0.0852088	1	1
B247	0	0.0626579	0	0	0.0626579	1	1
B113	0	0.00571686	0	0	0.00571686	1	1
B254	0	0.0144283	0	0	0.0144283	1	1
B253	0	0.0457267	0	0	0.0457267	1	1
B3	13	0.0107709	1.79896e-11	1.52755e-10	0.0107709	1	1
B255	140	0.0955922	6.21847e-11	4.68627e-09	0.0955922	1	1
B264	96	0.0485503	5.54012e-11	2.12047e-09	0.0485503	1	1
B263	92	0.0466047	5.4562e-11	2.00466e-09	0.0466047	1	1
B262	86	0.0396428	5.31591e-11	1.66136e-09	0.0396428	1	1
B273	91	0.0448891	5.43445e-11	1.92317e-09	0.0448891	1	1
B289	139	0.0927045	6.20792e-11	4.53699e-09	0.0927045	1	1
B290	72	0.0308333	4.90218e-11	1.1916e-09	0.0308333	1	1
B302	0	0.0245653	0	0	0.0245653	1	1
B303	0	0.0184119	0	0	0.0184119	1	1
B118	0	0.0915824	0	0	0.0915824	1	1
B24	0	0.00212458	0	0	0.00212458	1	1
B371	0	0.0213127	0	0	0.0213127	1	1
B161	0	0.0317035	0	0	0.0317035	1	1
B167	0	0.0786082	0	0	0.0786082	1	1
B150	0	0.0322064	0	0	0.0322064	1	1
B429	0	0.0074257	0	0	0.0074257	1	1
B87	0	0.010863	0	0	0.010863	1	1
B428	0	0.0701116	0	0	0.0701116	1	1
B84	0	0.0271937	0	0	0.0271937	1	1
B426	0	0.0910038	0	0	0.0910038	1	1
B425	0	0.0353569	0	0	0.0353569	1	1
B138	0	0.0521596	0	0	0.0521596	1	1
B424	0	0.0289269	0	0	0.0289269	1	1
B427	0	0.0579501	0	0	0.0579501	1	1
B467	0	0.0544832	0	0	0.0544832	1	1
B466	0	0.0741602	0	0	0.0741602	1	1
B464	0	0.0920591	0	0	0.0920591	1	1
B465	0	0.023254	0	0	0.023254	1	1
B170	0	0.0776957	0	0	0.0776957	1	1
B510	0	0.00129249	0	0	0.00129249	1	1
B533	0	0.0243403	0	0	0.0243403	1	1
B581	0	0.0113495	0	0	0.0113495	1	1
B617	0	0.0701248	0	0	0.0701248	1	1
B43	2161	0.08901	2.7532e-06	0.000193196	0.089186	1.00198	1.00019
B58	0	0.0573173	0	0	0.0573173	1	1
B589	0	0.0125487	0	0	0.0125487	1	1
B588	0	0.0668169	0	0	0.0668169	1	1
B616	0	0.063741	0	0	0.063741	1	1
B109	5804	0.0372116	4.98819e-06	0.000146333	0.0373525	1.00379	1.00015
B57	0	0.0456773	0	0	0.0456773	1	1
B649	0	0.0262962	0	0	0.0262962	1	1
B650	0	0.0392018	0	0	0.0392018	1	1
B117	0	0.0655935	0	0	0.0655935	1	1
B683	0	0.0615974	0	0	0.0615974	1	1
B685	0	0.016659	0	0	0.016659	1	1
B684	0	0.0521115	0	0	0.0521115	1	1
B718	0	0.076971	0	0	0.076971	1	1
B716	0	0.0136321	0	0	0.0136321	1	1
B717	0	0.0614751	0	0	0.0614751	1	1
B767	0	0.0837732	0	0	0.0837732	1	1
B769	0	0.0643232	0	0	0.0643232	1	1
B768	0	0.0523304	0	0	0.0523304	1	1
B582	0	0.079104	0	0	0.079104	1	1
B157	0	0.089081	0	0	0.089081	1	1
B618	0	0.0130819	0	0	0.0130819	1	1
B164	0	0.0929375	0	0	0.0929375	1	1
B652	0	0.0727071	0	0	0.0727071	1	1
B651	0	0.0241401	0	0	0.0241401	1	1
B511	0	0.096146	0	0	0.096146	1	1
B534	0	0.00700095	0	0	0.00700095	1	1
B584	0	0.0717014	0	0	0.0717014	1	1
B583	0	0.0808273	0	0	0.0808273	1	1
B619	0	0.0802172	0	0	0.0802172	1	1
B622	0	0.0633413	0	0	0.0633413	1	1
B621	0	0.0569453	0	0	0.0569453	1	1
B620	0	0.0923552	0	0	0.0923552	1	1
B585	0	0.0488593	0	0	0.0488593	1	1
B271	58	0.0281557	4.43197e-11	9.83746e-10	0.0281557	1	1
B88	2	0.00626181	3.33619e-12	1.64692e-11	0.00626181	1	1
B284	0	0.0537158	0	0	0.0537158	1	1
B286	0	0.0471792	0	0	0.0471792	1	1
B285	0	0.0802515	0	0	0.0802515	1	1
B295	0	0.0549959	0	0	0.0549959	1	1
B294	0	0.0365635	0	0	0.0365635	1	1
B174	0	0.0486125	0	0	0.0486125	1	1
B373	0	0.0785931	0	0	0.0785931	1	1
B372	0	0.00445046	0	0	0.00445046	1	1
B47	0	0.0031851	0	0	0.0031851	1	1
B374	0	0.099616	0	0	0.099616	1	1
B56	0	0.00733	0	0	0.00733	1	1
B344	0	0.0424365	0	0	0.0424365	1	1
B11	80	0.0333803	5.15079e-11	1.35546e-09	0.0333803	1	1
B261	17	0.0114974	2.16045e-11	1.95823e-10	0.0114974	1	1
B260	95	0.0478781	5.51944e-11	2.08331e-09	0.0478781	1	1
B270	0	0.0288852	0	0	0.0288852	1	1
B280	0	0.0358693	0	0	0.0358693	1	1
B279	0	0.0947016	0	0	0.0947016	1	1
B281	0	0.0093997	0	0	0.0093997	1	1
B102	0	0.0348374	0	0	0.0348374	1	1
B283	0	0.0402436	0	0	0.0402436	1	1
B282	0	0.0576347	0	0	0.0576347	1	1
B292	0	0.0410224	0	0	0.0410224	1	1
B293	0	0.0284678	0	0	0.0284678	1	1
B307	0	0.0352241	0	0	0.0352241	1	1
B309	0	0.008275	0	0	0.008275	1	1
B308	0	0.0753774	0	0	0.0753774	1	1
B311	0	0.0898637	0	0	0.0898637	1	1
B312	0	0.0308509	0	0	0.0308509	1	1
B310	0	0.0815582	0	0	0.0815582	1	1
B322	0	0.0482029	0	0	0.0482029	1	1
B321	0	0.00594413	0	0	0.00594413	1	1
B78	0	0.0751653	0	0	0.0751653	1	1
B48	0	0.0754176	0	0	0.0754176	1	1
B376	0	0.0022673	0	0	0.0022673	1	1
B378	0	0.00669532	0	0	0.00669532	1	1
B377	0	0.054415	0	0	0.054415	1	1
B140	0	0.0514724	0	0	0.0514724	1	1
B401	0	0.0405435	0	0	0.0405435	1	1
B398	0	0.0225268	0	0	0.0225268	1	1
B431	0	0.0749247	0	0	0.0749247	1	1
B168	0	0.0483964	0	0	0.0483964	1	1
B432	0	0.0616317	0	0	0.0616317	1	1
B473	0	0.0388044	0	0	0.0388044	1	1
B165	0	0.0809021	0	0	0.0809021	1	1
B553	0	0.0260829	0	0	0.0260829	1	1
B552	0	0.0963241	0	0	0.0963241	1	1
B9	0	0.0159671	0	0	0.0159671	1	1
B554	0	0.00417697	0	0	0.00417697	1	1
B433	0	0.0752509	0	0	0.0752509	1	1
B476	0	0.00989838	0	0	0.00989838	1	1
B475	0	0.0705179	0	0	0.0705179	1	1
B474	0	0.0213257	0	0	0.0213257	1	1
B477	0	0.0205601	0	0	0.0205601	1	1
B430	0	0.0678545	0	0	0.0678545	1	1
B45	0	0.0668474	0	0	0.0668474	1	1
B121	0	0.0126479	0	0	0.0126479	1	1
B472	0	0.0137169	0	0	0.0137169	1	1
B516	0	0.0234904	0	0	0.0234904	1	1
B551	0	0.0433413	0	0	0.0433413	1	1
B550	0	0.09484	0	0	0.09484	1	1
B634	0	0.0786879	0	0	0.0786879	1	1
B65	0	0.0229137	0	0	0.0229137	1	1
B668	0	0.0738924	0	0	0.0738924	1	1
B700	0	0.0398319	0	0	0.0398319	1	1
B739	0	0.0878587	0	0	0.0878587	1	1
B738	0	0.064444	0	0	0.064444	1	1
B90	0	0.0088798	0	0	0.0088798	1	1
B740	0	0.033534	0	0	0.033534	1	1
B158	0	0.0194171	0	0	0.0194171	1	1
B741	0	0.0258259	0	0	0.0258259	1	1
B124	0	0.0629621	0	0	0.0629621	1	1
B791	0	0.0932006	0	0	0.0932006	1	1
B840	0	0.0535206	0	0	0.0535206	1	1
B403	0	0.0852264	0	0	0.0852264	1	1
B561	0	0.0288531	0	0	0.0288531	1	1
B559	0	0.0220927	0	0	0.0220927	1	1
B560	0	0.0586388	0	0	0.0586388	1	1
B601	0	0.0376193	0	0	0.0376193	1	1
B600	0	0.0910784	0	0	0.0910784	1	1
B558	0	0.0280624	0	0	0.0280624	1	1
B557	0	0.0534349	0	0	0.0534349	1	1
B108	0	0.0679055	0	0	0.0679055	1	1
B517	0	0.0537419	0	0	0.0537419	1	1
B39	0	0.0512757	0	0	0.0512757	1	1
B38	0	0.0769281	0	0	0.0769281	1	1
B597	0	0.0736339	0	0	0.0736339	1	1
B92	0	0.000857113	0	0	0.000857113	1	1
B171	0	0.0256859	0	0	0.0256859	1	1
B594	0	0.0499096	0	0	0.0499096	1	1
B596	0	0.0276411	0	0	0.0276411	1	1
B595	0	0.0690704	0	0	0.0690704	1	1
B519	0	0.0181025	0	0	0.0181025	1	1
B520	0	0.048959	0	0	0.048959	1	1
B564	0	0.00285109	0	0	0.00285109	1	1
B563	0	0.0856186	0	0	0.0856186	1	1
B562	0	0.0096074	0	0	0.0096074	1	1
B141	0	0.013738	0	0	0.013738	1	1
B91	0	0.0433206	0	0	0.0433206	1	1
B518	0	0.0674899	0	0	0.0674899	1	1
B555	0	0.0763308	0	0	0.0763308	1	1
B556	0	0.0109813	0	0	0.0109813	1	1
B598	0	0.019245	0	0	0.019245	1	1
B638	0	0.0213475	0	0	0.0213475	1	1
B637	0	0.0164634	0	0	0.0164634	1	1
B599	0	0.0662305	0	0	0.0662305	1	1
B162	0	0.0341151	0	0	0.0341151	1	1
B156	0	0.0995265	0	0	0.0995265	1	1
B639	0	0.0789004	0	0	0.0789004	1	1
B675	0	0.0489675	0	0	0.0489675	1	1
B709	0	0.025038	0	0	0.025038	1	1
B761	0	0.0865301	0	0	0.0865301	1	1
B760	0	0.0501931	0	0	0.0501931	1	1
B708	0	0.0403606	0	0	0.0403606	1	1
B757	0	0.0885336	0	0	0.0885336	1	1
B756	0	0.0398343	0	0	0.0398343	1	1
B755	0	0.0134258	0	0	0.0134258	1	1
B758	0	0.0941307	0	0	0.0941307	1	1
B759	0	0.0781092	0	0	0.0781092	1	1
B804	0	0.0209639	0	0	0.0209639	1	1
B803	0	0.0204317	0	0	0.0204317	1	1
B710	0	0.0980354	0	0	0.0980354	1	1
B478	0	0.0890302	0	0	0.0890302	1	1
B479	0	0.0400633	0	0	0.0400633	1	1
B73	0	0.0233381	0	0	0.0233381	1	1
B60	0	0.018907	0	0	0.018907	1	1
B592	0	0.043528	0	0	0.043528	1	1
B593	0	0.0743104	0	0	0.0743104	1	1
B674	0	0.0926447	0	0	0.0926447	1	1
B673	0	0.0913664	0	0	0.0913664	1	1
B705	0	0.00846703	0	0	0.00846703	1	1
B748	0	0.047585	0	0	0.047585	1	1
B749	0	0.0743951	0	0	0.0743951	1	1
B798	0	0.0102216	0	0	0.0102216	1	1
B797	0	0.00144942	0	0	0.00144942	1	1
B751	0	0.084125	0	0	0.084125	1	1
B750	0	0.0102922	0	0	0.0102922	1	1
B799	0	0.0036824	0	0	0.0036824	1	1
B134	6903	0.0668838	1.02076e-05	0.000538229	0.067386	1.00751	1.00054
B852	0	0.0778922	0	0	0.0778922	1	1
B851	0	0.0357471	0	0	0.0357471	1	1
B850	0	0.0109299	0	0	0.0109299	1	1
B800	0	0.0375483	0	0	0.0375483	1	1
B13	0	0.000168054	0	0	0.000168054	1	1
B853	0	0.00883638	0	0	0.00883638	1	1
B854	0	0.0470125	0	0	0.0470125	1	1
B26	0	0.0573412	0	0	0.0573412	1	1
B136	0	0.0791111	0	0	0.0791111	1	1
B975	0	0.0817448	0	0	0.0817448	1	1
B973	0	0.0502309	0	0	0.0502309	1	1
B974	0	0.0505805	0	0	0.0505805	1	1
B77	18687	0.0444505	1.62546e-05	0.000569606	0.0449948	1.01224	1.00057
B96	0	0.0404213	0	0	0.0404213	1	1
B207	3105	0.0695191	1.70383e-06	9.33797e-05	0.069606	1.00125	1.00009
B206	2870	0.0562084	1.7038e-06	7.54988e-05	0.0562797	1.00127	1.00008
B205	3518	0.0970626	1.70389e-06	0.000130381	0.0971803	1.00121	1.00013
B146	2	0.0340087	1.26969e-10	3.40415e-09	0.0340087	1	1
B199	2	0.0465404	9.27806e-11	3.40415e-09	0.0465404	1	1
B198	2	0.0479406	9.00709e-11	3.40415e-09	0.0479406	1	1
B197	2	0.065525	6.58993e-11	3.40415e-09	0.065525	1	1
B128	16	0.0136024	4.03e-09	4.32159e-08	0.0136025	1	1
B747	0	0.0708069	0	0	0.0708069	1	1
B707	0	0.0610605	0	0	0.0610605	1	1
B706	0	0.0725761	0	0	0.0725761	1	1
B151	0	0.0398176	0	0	0.0398176	1	1
B14	0	0.0436281	0	0	0.0436281	1	1
B752	0	0.0661782	0	0	0.0661782	1	1
B801	0	0.0100237	0	0	0.0100237	1	1
B802	0	0.057335	0	0	0.057335	1	1
B5	0	0.00381633	0	0	0.00381633	1	1
B855	0	0.014109	0	0	0.014109	1	1
B898	0	0.0405128	0	0	0.0405128	1	1
B897	0	0.0522833	0	0	0.0522833	1	1
B29	0	0.0768797	0	0	0.0768797	1	1
B116	0	0.0146148	0	0	0.0146148	1	1
B166	0	0.0534188	0	0	0.0534188	1	1
B896	0	0.0328204	0	0	0.0328204	1	1
B133	2212	0.0980439	2.75321e-06	0.000212805	0.0982359	1.00196	1.00021
B977	0	0.0519193	0	0	0.0519193	1	1
B976	0	0.0113524	0	0	0.0113524	1	1
B142	0	0.0500128	0	0	0.0500128	1	1
B613	0	0.0433319	0	0	0.0433319	1	1
B614	0	0.0345738	0	0	0.0345738	1	1
B51	0	0.0913647	0	0	0.0913647	1	1
B978	0	0.0917789	0	0	0.0917789	1	1
B173	0	0.0577948	0	0	0.0577948	1	1
B10	0	0.0337223	0	0	0.0337223	1	1
B404	0	0.0232109	0	0	0.0232109	1	1
B33	0	0.0608906	0	0	0.0608906	1	1
B81	0	0.0193185	0	0	0.0193185	1	1
B434	0	0.0981197	0	0	0.0981197	1	1
B435	0	0.078408	0	0	0.078408	1	1
B296	0	0.0190529	0	0	0.0190529	1	1
B62	0	0.0628321	0	0	0.0628321	1	1
B297	0	0.0733812	0	0	0.0733812	1	1
B313	0	0.0930677	0	0	0.0930677	1	1
B83	0	0.0352054	0	0	0.0352054	1	1
B67	0	0.0723666	0	0	0.0723666	1	1
B323	0	0.0327569	0	0	0.0327569	1	1
B346	0	0.0641341	0	0	0.0641341	1	1
B347	0	0.0526012	0	0	0.0526012	1	1
B379	0	0.0654271	0	0	0.0654271	1	1
B402	0	0.0237066	0	0	0.0237066	1	1
B42	0	0.0666661	0	0	0.0666661	1	1
B326	0	0.0968418	0	0	0.0968418	1	1
B325	0	0.0650828	0	0	0.0650828	1	1
B324	0	0.0970589	0	0	0.0970589	1	1
B37	1704	0.0398244	2.75312e-06	8.64363e-05	0.0399074	1.00208	1.00009
B856	0	0.0745337	0	0	0.0745337	1	1
B900	0	0.0602961	0	0	0.0602961	1	1
B899	0	0.0340261	0	0	0.0340261	1	1
B936	0	0.00697536	0	0	0.00697536	1	1
B935	0	0.0204163	0	0	0.0204163	1	1
B2	0	0.0407248	0	0	0.0407248	1	1
B982	0	0.0617554	0	0	0.0617554	1	1
B130	1626	0.0349546	2.7531e-06	7.58661e-05	0.0350278	1.00209	1.00008
B980	0	0.0220402	0	0	0.0220402	1	1
B979	0	0.0907212	0	0	0.0907212	1	1
B981	0	0.0123916	0	0	0.0123916	1	1
B937	0	0.0347804	0	0	0.0347804	1	1
B984	0	0.0435865	0	0	0.0435865	1	1
B983	0	0.0298893	0	0	0.0298893	1	1
B55	0	0.0391199	0	0	0.0391199	1	1
B176	0	0.0224158	0	0	0.0224158	1	1
B938	0	0.0133159	0	0	0.0133159	1	1
B754	0	0.0770051	0	0	0.0770051	1	1
B139	2613	0.0871396	3.22307e-06	0.000221415	0.0873417	1.00232	1.00022
B753	0	0.0611072	0	0	0.0611072	1	1
B7	2	0.0332204	1.29982e-10	3.40415e-09	0.0332204	1	1
B82	0	0.025637	0	0	0.025637	1	1
B112	0	0.087891	0	0	0.087891	1	1
B858	0	0.0536234	0	0	0.0536234	1	1
B857	0	0.0514558	0	0	0.0514558	1	1
B670	0	0.0807711	0	0	0.0807711	1	1
B669	0	0.0263463	0	0	0.0263463	1	1
B703	0	0.00707133	0	0	0.00707133	1	1
B702	0	0.0310476	0	0	0.0310476	1	1
B701	0	0.0759868	0	0	0.0759868	1	1
B671	0	0.0863276	0	0	0.0863276	1	1
B672	0	0.0345326	0	0	0.0345326	1	1
B704	0	0.0217217	0	0	0.0217217	1	1
B744	0	0.013593	0	0	0.013593	1	1
B794	0	0.0854445	0	0	0.0854445	1	1
B793	0	0.0854843	0	0	0.0854843	1	1
B845	0	0.0522788	0	0	0.0522788	1	1
B127	0	0.00620651	0	0	0.00620651	1	1
B844	0	0.0143906	0	0	0.0143906	1	1
B846	0	0.0567883	0	0	0.0567883	1	1
B843	0	0.034303	0	0	0.034303	1	1
B842	0	0.0882942	0	0	0.0882942	1	1
B795	0	0.0323677	0	0	0.0323677	1	1
B796	0	0.0301115	0	0	0.0301115	1	1
B890	0	0.0764598	0	0	0.0764598	1	1
B889	0	0.0409566	0	0	0.0409566	1	1
B888	0	0.0523289	0	0	0.0523289	1	1
B887	0	0.0637434	0	0	0.0637434	1	1
B928	0	0.0105406	0	0	0.0105406	1	1
B930	0	0.0794246	0	0	0.0794246	1	1
B929	0	0.0738227	0	0	0.0738227	1	1
B931	0	0.04457	0	0	0.04457	1	1
B745	0	0.0307207	0	0	0.0307207	1	1
B746	0	0.0105684	0	0	0.0105684	1	1
B71	0	0.096406	0	0	0.096406	1	1
B847	0	0.0489783	0	0	0.0489783	1	1
B145	0	0.0893435	0	0	0.0893435	1	1
B86	0	0.0420363	0	0	0.0420363	1	1
B891	0	0.0717219	0	0	0.0717219	1	1
B933	0	0.0514199	0	0	0.0514199	1	1
B932	0	0.0937048	0	0	0.0937048	1	1
B893	0	0.0235115	0	0	0.0235115	1	1
B892	0	0.04678	0	0	0.04678	1	1
B934	0	0.0666704	0	0	0.0666704	1	1
B849	0	0.0334431	0	0	0.0334431	1	1
B848	0	0.0702711	0	0	0.0702711	1	1
B365	0	0.0645201	0	0	0.0645201	1	1
B148	0	0.0506306	0	0	0.0506306	1	1
B390	0	0.000483432	0	0	0.000483432	1	1
B895	0	0.0240725	0	0	0.0240725	1	1
B894	0	0.0266614	0	0	0.0266614	1	1
B66	0	0.0532002	0	0	0.0532002	1	1
B6	0	0.0536207	0	0	0.0536207	1	1
B636	0	0.0543235	0	0	0.0543235	1	1
B153	0	0.0080371	0	0	0.0080371	1	1
B635	0	0.00544377	0	0	0.00544377	1	1
B883	0	0.0962059	0	0	0.0962059	1	1
B882	0	0.0843163	0	0	0.0843163	1	1
B920	0	0.00666082	0	0	0.00666082	1	1
B921	0	0.00938504	0	0	0.00938504	1	1
B101	0	0.0334837	0	0	0.0334837	1	1
B919	0	0.0938554	0	0	0.0938554	1	1
B918	0	0.0391869	0	0	0.0391869	1	1
B917	0	0.0673842	0	0	0.0673842	1	1
B968	0	0.0319436	0	0	0.0319436	1	1
B969	0	0.0540924	0	0	0.0540924	1	1
B926	0	0.0909377	0	0	0.0909377	1	1
B927	0	0.00578235	0	0	0.00578235	1	1
B925	0	0.094686	0	0	0.094686	1	1
B119	0	0.0776135	0	0	0.0776135	1	1
B61	0	0.00881664	0	0	0.00881664	1	1
B50	0	0.0820192	0	0	0.0820192	1	1
B923	0	0.0811797	0	0	0.0811797	1	1
B924	0	0.0394169	0	0	0.0394169	1	1
B922	0	0.067958	0	0	0.067958	1	1
B971	0	0.0673722	0	0	0.0673722	1	1
B970	0	0.00884261	0	0	0.00884261	1	1
B972	0	0.0930417	0	0	0.0930417	1	1
B792	0	0.0286746	0	0	0.0286746	1	1
B144	0	0.0369007	0	0	0.0369007	1	1
B841	0	0.0644881	0	0	0.0644881	1	1
B885	0	0.078574	0	0	0.078574	1	1
B886	0	0.00732378	0	0	0.00732378	1	1
B884	0	0.0764016	0	0	0.0764016	1	1
B742	0	0.0749635	0	0	0.0749635	1	1
B743	0	0.0482203	0	0	0.0482203	1	1
B549	0	0.0646781	0	0	0.0646781	1	1
B49	0	0.0181473	0	0	0.0181473	1	1
B591	0	0.0973216	0	0	0.0973216	1	1
B471	0	0.0977232	0	0	0.0977232	1	1
B470	0	0.0650873	0	0	0.0650873	1	1
B469	0	0.0885815	0	0	0.0885815	1	1
B44	0	0.0486142	0	0	0.0486142	1	1
B79	0	0.00441394	0	0	0.00441394	1	1
B400	0	0.0495759	0	0	0.0495759	1	1
B399	0	0.0619428	0	0	0.0619428	1	1
B46	0	0.0374528	0	0	0.0374528	1	1
B277	0	0.0547869	0	0	0.0547869	1	1
B278	0	0.00592198	0	0	0.00592198	1	1
B75	0	0.0177598	0	0	0.0177598	1	1
B272	0	0.0425325	0	0	0.0425325	1	1
B22	0	0.0142184	0	0	0.0142184	1	1
B288	0	0.0987847	0	0	0.0987847	1	1
B287	0	0.085359	0	0	0.085359	1	1
B299	0	0.0488638	0	0	0.0488638	1	1
B298	0	0.0735463	0	0	0.0735463	1	1
B314	0	0.0184494	0	0	0.0184494	1	1
B80	0	0.0134736	0	0	0.0134736	1	1
B327	0	0.0707357	0	0	0.0707357	1	1
B329	0	0.061312	0	0	0.061312	1	1
B328	0	0.0963137	0	0	0.0963137	1	1
B315	0	0.090938	0	0	0.090938	1	1
B331	0	0.0752201	0	0	0.0752201	1	1
B330	0	0.0868308	0	0	0.0868308	1	1
B350	0	0.0139283	0	0	0.0139283	1	1
B348	0	0.0229938	0	0	0.0229938	1	1
B349	0	0.0695751	0	0	0.0695751	1	1
B382	0	0.0916641	0	0	0.0916641	1	1
B380	0	0.0729568	0	0	0.0729568	1	1
B381	0	0.0193652	0	0	0.0193652	1	1
B301	0	0.0060019	0	0	0.0060019	1	1
B317	0	0.0555894	0	0	0.0555894	1	1
B318	0	0.0357193	0	0	0.0357193	1	1
B342	0	0.0203314	0	0	0.0203314	1	1
B114	0	0.0518701	0	0	0.0518701	1	1
B369	0	0.0186192	0	0	0.0186192	1	1
B391	0	0.00882885	0	0	0.00882885	1	1
B393	0	0.0117991	0	0	0.0117991	1	1
B392	0	0.0553817	0	0	0.0553817	1	1
B368	0	0.00949373	0	0	0.00949373	1	1
B367	0	0.091194	0	0	0.091194	1	1
B319	0	0.0174803	0	0	0.0174803	1	1
B125	0	0.0802279	0	0	0.0802279	1	1
B343	0	0.0173574	0	0	0.0173574	1	1
B370	0	0.0649332	0	0	0.0649332	1	1
B131	0	0.0871078	0	0	0.0871078	1	1
B394	0	0.0512713	0	0	0.0512713	1	1
B420	0	0.010325	0	0	0.010325	1	1
B419	0	0.0540329	0	0	0.0540329	1	1
B458	0	0.0537199	0	0	0.0537199	1	1
B457	0	0.014251	0	0	0.014251	1	1
B502	0	0.0713526	0	0	0.0713526	1	1
B504	0	0.0590846	0	0	0.0590846	1	1
B503	0	0.0856692	0	0	0.0856692	1	1
B396	0	0.0878791	0	0	0.0878791	1	1
B395	0	0.0311516	0	0	0.0311516	1	1
B163	0	0.0537687	0	0	0.0537687	1	1
B423	0	0.0381956	0	0	0.0381956	1	1
B463	0	0.0533636	0	0	0.0533636	1	1
B462	0	0.00534875	0	0	0.00534875	1	1
B509	0	0.0866786	0	0	0.0866786	1	1
B508	0	0.0571147	0	0	0.0571147	1	1
B103	0	0.0639132	0	0	0.0639132	1	1
B531	0	0.0367314	0	0	0.0367314	1	1
B532	0	0.0946049	0	0	0.0946049	1	1
B422	0	0.0519472	0	0	0.0519472	1	1
B421	0	0.0682792	0	0	0.0682792	1	1
B18	0	0.0315466	0	0	0.0315466	1	1
B506	0	0.00674786	0	0	0.00674786	1	1
B505	0	0.0577299	0	0	0.0577299	1	1
B527	0	0.0505906	0	0	0.0505906	1	1
B580	0	0.093947	0	0	0.093947	1	1
B579	0	0.0839139	0	0	0.0839139	1	1
B159	0	0.0564629	0	0	0.0564629	1	1
B100	0	0.0750817	0	0	0.0750817	1	1
B612	0	0.00350298	0	0	0.00350298	1	1
B31	0	0.0801499	0	0	0.0801499	1	1
B460	0	0.0844739	0	0	0.0844739	1	1
B461	0	0.0447301	0	0	0.0447301	1	1
B459	0	0.0382281	0	0	0.0382281	1	1
B507	0	0.0246951	0	0	0.0246951	1	1
B529	0	0.0733639	0	0	0.0733639	1	1
B528	0	0.0140504	0	0	0.0140504	1	1
B530	0	0.00237683	0	0	0.00237683	1	1
B160	0	0.00851092	0	0	0.00851092	1	1
B615	0	0.0206846	0	0	0.0206846	1	1
B175	0	0.0395819	0	0	0.0395819	1	1
B316	0	0.0320296	0	0	0.0320296	1	1
B149	0	0.020328	0	0	0.020328	1	1
B334	0	0.0964525	0	0	0.0964525	1	1
B355	0	0.0425989	0	0	0.0425989	1	1
B72	0	0.0629994	0	0	0.0629994	1	1
B409	0	0.0874366	0	0	0.0874366	1	1
B485	0	0.0746564	0	0	0.0746564	1	1
B59	0	0.0336113	0	0	0.0336113	1	1
B521	0	0.0658565	0	0	0.0658565	1	1
B568	0	0.0271341	0	0	0.0271341	1	1
B569	0	0.0510945	0	0	0.0510945	1	1
B605	0	0.083013	0	0	0.083013	1	1
B640	0	0.0873497	0	0	0.0873497	1	1
B677	0	0.0123745	0	0	0.0123745	1	1
B676	0	0.0318901	0	0	0.0318901	1	1
B480	0	0.00981415	0	0	0.00981415	1	1
B482	0	0.0258755	0	0	0.0258755	1	1
B481	0	0.000819096	0	0	0.000819096	1	1
B484	0	0.077059	0	0	0.077059	1	1
B483	0	0.0578536	0	0	0.0578536	1	1
B152	0	0.0938263	0	0	0.0938263	1	1
B565	0	0.0907262	0	0	0.0907262	1	1
B566	0	0.0601563	0	0	0.0601563	1	1
B567	0	0.0633515	0	0	0.0633515	1	1
B604	0	0.0938906	0	0	0.0938906	1	1
B603	0	0.047326	0	0	0.047326	1	1
B602	0	0.0331708	0	0	0.0331708	1	1
B384	0	0.0922975	0	0	0.0922975	1	1
B385	0	0.000471796	0	0	0.000471796	1	1
B410	0	0.0243371	0	0	0.0243371	1	1
B411	0	0.0107776	0	0	0.0107776	1	1
B352	0	0.0550227	0	0	0.0550227	1	1
B351	0	0.0353907	0	0	0.0353907	1	1
B383	0	0.0374826	0	0	0.0374826	1	1
B407	0	0.0600864	0	0	0.0600864	1	1
B406	0	0.0375646	0	0	0.0375646	1	1
B405	0	0.0527834	0	0	0.0527834	1	1
B40	0	0.068484	0	0	0.068484	1	1
B436	0	0.0770676	0	0	0.0770676	1	1
B408	0	0.0592399	0	0	0.0592399	1	1
B16	0	0.0597603	0	0	0.0597603	1	1
B354	0	0.0763905	0	0	0.0763905	1	1
B353	0	0.0227915	0	0	0.0227915	1	1
B333	0	0.0997908	0	0	0.0997908	1	1
B332	0	0.0778016	0	0	0.0778016	1	1
B300	0	0.0964339	0	0	0.0964339	1	1
B337	0	0.0283883	0	0	0.0283883	1	1
B363	0	0.0725547	0	0	0.0725547	1	1
B362	0	0.0728439	0	0	0.0728439	1	1
B364	0	0.0717578	0	0	0.0717578	1	1
B389	0	0.000429852	0	0	0.000429852	1	1
B388	0	0.0267762	0	0	0.0267762	1	1
B418	0	0.0310133	0	0	0.0310133	1	1
B417	0	0.0817478	0	0	0.0817478	1	1
B456	0	0.0786404	0	0	0.0786404	1	1
B455	0	0.0530015	0	0	0.0530015	1	1
B454	0	0.0711051	0	0	0.0711051	1	1
B500	0	0.00547328	0	0	0.00547328	1	1
B169	0	0.0730563	0	0	0.0730563	1	1
B74	0	0.0483817	0	0	0.0483817	1	1
B501	0	0.0251375	0	0	0.0251375	1	1
B340	0	0.0737426	0	0	0.0737426	1	1
B341	0	0.0519276	0	0	0.0519276	1	1
B366	0	0.0789358	0	0	0.0789358	1	1
B338	0	0.0883285	0	0	0.0883285	1	1
B339	0	0.0984839	0	0	0.0984839	1	1
B132	0	0.0740167	0	0	0.0740167	1	1
B4	0	0.09012	0	0	0.09012	1	1
B386	0	0.0757792	0	0	0.0757792	1	1
B413	0	0.0787149	0	0	0.0787149	1	1
B111	0	0.00783857	0	0	0.00783857	1	1
B143	0	0.0545462	0	0	0.0545462	1	1
B98	0	0.0262547	0	0	0.0262547	1	1
B30	0	0.0343469	0	0	0.0343469	1	1
B446	0	0.0876223	0	0	0.0876223	1	1
B445	0	0.0158288	0	0	0.0158288	1	1
B359	0	0.0362034	0	0	0.0362034	1	1
B358	0	0.0400335	0	0	0.0400335	1	1
B104	0	0.0969686	0	0	0.0969686	1	1
B64	0	0.035192	0	0	0.035192	1	1
B415	0	0.0808602	0	0	0.0808602	1	1
B28	0	0.0837839	0	0	0.0837839	1	1
B126	0	0.0386252	0	0	0.0386252	1	1
B414	0	0.0212417	0	0	0.0212417	1	1
B449	0	0.0563564	0	0	0.0563564	1	1
B448	0	0.0381985	0	0	0.0381985	1	1
B447	0	0.0133959	0	0	0.0133959	1	1
B41	0	0.0638357	0	0	0.0638357	1	1
B496	0	0.0101131	0	0	0.0101131	1	1
B497	0	0.0666165	0	0	0.0666165	1	1
B526	0	0.00699195	0	0	0.00699195	1	1
B578	0	0.0881256	0	0	0.0881256	1	1
B611	0	0.0514645	0	0	0.0514645	1	1
B646	0	0.0922318	0	0	0.0922318	1	1
B645	0	0.0850487	0	0	0.0850487	1	1
B712	0	0.0464345	0	0	0.0464345	1	1
B711	0	0.0169504	0	0	0.0169504	1	1
B762	0	0.00304665	0	0	0.00304665	1	1
B805	0	0.0734477	0	0	0.0734477	1	1
B23	0	0.0790074	0	0	0.0790074	1	1
B807	0	0.0731308	0	0	0.0731308	1	1
B806	0	0.0676323	0	0	0.0676323	1	1
B809	0	0.0903583	0	0	0.0903583	1	1
B93	0	0.0535806	0	0	0.0535806	1	1
B808	0	0.0857627	0	0	0.0857627	1	1
B714	0	0.0416555	0	0	0.0416555	1	1
B713	0	0.0551484	0	0	0.0551484	1	1
B680	0	0.00291873	0	0	0.00291873	1	1
B681	0	8.84075e-05	0	0	8.84075e-05	1	1
B85	0	0.0434274	0	0	0.0434274	1	1
B682	0	0.0912003	0	0	0.0912003	1	1
B715	0	0.0798971	0	0	0.0798971	1	1
B764	0	0.0468036	0	0	0.0468036	1	1
B763	0	0.0663619	0	0	0.0663619	1	1
B63	0	0.0012839	0	0	0.0012839	1	1
B766	0	0.0553254	0	0	0.0553254	1	1
B765	0	0.0689403	0	0	0.0689403	1	1
B810	0	0.067935	0	0	0.067935	1	1
B548	0	0.000316779	0	0	0.000316779	1	1
B12	0	0.0245171	0	0	0.0245171	1	1
B155	0	0.0199507	0	0	0.0199507	1	1
B590	0	0.0349354	0	0	0.0349354	1	1
B70	0	0.0991793	0	0	0.0991793	1	1
B633	0	0.0475602	0	0	0.0475602	1	1
B667	0	0.00324884	0	0	0.00324884	1	1
B696	0	0.0570019	0	0	0.0570019	1	1
B695	0	0.0991961	0	0	0.0991961	1	1
B730	0	0.0549563	0	0	0.0549563	1	1
B731	0	0.0863457	0	0	0.0863457	1	1
B877	0	0.0402021	0	0	0.0402021	1	1
B878	0	0.0165872	0	0	0.0165872	1	1
B963	0	0.0483663	0	0	0.0483663	1	1
B99	0	0.0472516	0	0	0.0472516	1	1
B967	0	0.00787871	0	0	0.00787871	1	1
B964	0	0.0511639	0	0	0.0511639	1	1
B184	5600	0.0362799	1.02074e-05	0.000291945	0.0365613	1.00776	1.00029
B183	6748	0.0614614	1.02076e-05	0.000494593	0.0619255	1.00755	1.00049
B120	5761	0.0389265	1.02074e-05	0.000313244	0.0392276	1.00773	1.00031
B966	0	0.00391985	0	0	0.00391985	1	1
B965	0	0.0847082	0	0	0.0847082	1	1
B437	0	0.0954348	0	0	0.0954348	1	1
B486	0	0.0427211	0	0	0.0427211	1	1
B487	0	0.0109126	0	0	0.0109126	1	1
B523	0	0.0261898	0	0	0.0261898	1	1
B522	0	0.0777483	0	0	0.0777483	1	1
B571	0	0.0169546	0	0	0.0169546	1	1
B570	0	0.0736191	0	0	0.0736191	1	1
B874	0	0.0259963	0	0	0.0259963	1	1
B873	0	0.0375229	0	0	0.0375229	1	1
B52	0	0.0658078	0	0	0.0658078	1	1
B76	0	0.0991958	0	0	0.0991958	1	1
B172	0	0.0832779	0	0	0.0832779	1	1
B1	2472	0.00871958	4.986e-06	3.42743e-05	0.00875356	1.0039	1.00003
B876	0	0.0866693	0	0	0.0866693	1	1
B875	0	0.020845	0	0	0.020845	1	1
B697	0	0.08603	0	0	0.08603	1	1
B732	0	0.0920858	0	0	0.0920858	1	1
B147	2	0.0271759	1.58893e-10	3.40415e-09	0.0271759	1	1
B20	0	0.09054	0	0	0.09054	1	1
B733	0	0.0542382	0	0	0.0542382	1	1
B786	0	0.0472065	0	0	0.0472065	1	1
B785	0	0.0254229	0	0	0.0254229	1	1
B787	0	0.0758456	0	0	0.0758456	1	1
B837	0	0.00911251	0	0	0.00911251	1	1
B836	0	0.0157919	0	0	0.0157919	1	1
B879	0	0.00440176	0	0	0.00440176	1	1
B881	0	0.0190498	0	0	0.0190498	1	1
B880	0	0.0682451	0	0	0.0682451	1	1
B835	0	0.0548725	0	0	0.0548725	1	1
B834	0	0.0524457	0	0	0.0524457	1	1
B833	0	0.0515638	0	0	0.0515638	1	1
B698	0	0.0866534	0	0	0.0866534	1	1
B735	0	0.0355278	0	0	0.0355278	1	1
B734	0	0.0805685	0	0	0.0805685	1	1
B53	0	0.0170135	0	0	0.0170135	1	1
B699	0	0.0331591	0	0	0.0331591	1	1
B737	0	0.0969787	0	0	0.0969787	1	1
B736	0	0.0583552	0	0	0.0583552	1	1
B788	0	0.0860723	0	0	0.0860723	1	1
B789	0	0.0136422	0	0	0.0136422	1	1
B790	0	0.00251033	0	0	0.00251033	1	1
B839	0	0.0447188	0	0	0.0447188	1	1
B838	0	0.0987237	0	0	0.0987237	1	1
B34	0	0.052708	0	0	0.052708	1	1
B648	0	0.0619919	0	0	0.0619919	1	1
B647	0	0.0123894	0	0	0.0123894	1	1
B499	0	0.0819599	0	0	0.0819599	1	1
B498	0	0.0726078	0	0	0.0726078	1	1
B356	0	0.0417353	0	0	0.0417353	1	1
B357	0	0.0947608	0	0	0.0947608	1	1
B412	0	0.0670652	0	0	0.0670652	1	1
B442	0	0.0174273	0	0	0.0174273	1	1
B441	0	0.010509	0	0	0.010509	1	1
B439	0	0.0218736	0	0	0.0218736	1	1
B438	0	0.0588344	0	0	0.0588344	1	1
B488	0	0.0471271	0	0	0.0471271	1	1
B524	0	0.0603231	0	0	0.0603231	1	1
B137	0	0.00282678	0	0	0.00282678	1	1
B573	0	0.0406528	0	0	0.0406528	1	1
B572	0	0.0343283	0	0	0.0343283	1	1
B608	0	0.0296558	0	0	0.0296558	1	1
B606	0	0.00147509	0	0	0.00147509	1	1
B607	0	0.0109908	0	0	0.0109908	1	1
B68	0	0.0909154	0	0	0.0909154	1	1
B641	0	0.0726197	0	0	0.0726197	1	1
B679	0	0.0791	0	0	0.0791	1	1
B678	0	0.0936147	0	0	0.0936147	1	1
B440	0	0.00153192	0	0	0.00153192	1	1
B489	0	0.0422425	0	0	0.0422425	1	1
B490	0	0.0925784	0	0	0.0925784	1	1
B525	0	0.00694703	0	0	0.00694703	1	1
B123	0	0.0517108	0	0	0.0517108	1	1
B491	0	0.0370974	0	0	0.0370974	1	1
B25	0	0.0911151	0	0	0.0911151	1	1
B443	0	0.0495174	0	0	0.0495174	1	1
B106	0	0.0419044	0	0	0.0419044	1	1
B493	0	0.0664391	0	0	0.0664391	1	1
B492	0	0.077809	0	0	0.077809	1	1
B444	0	0.00828637	0	0	0.00828637	1	1
B27	0	0.0265329	0	0	0.0265329	1	1
B495	0	0.0705407	0	0	0.0705407	1	1
B494	0	0.0847709	0	0	0.0847709	1	1
B576	0	0.0567176	0	0	0.0567176	1	1
B575	0	0.0813756	0	0	0.0813756	1	1
B574	0	0.0332299	0	0	0.0332299	1	1
B577	0	0.029348	0	0	0.029348	1	1
B609	0	0.0939215	0	0	0.0939215	1	1
B610	0	0.0229861	0	0	0.0229861	1	1
B643	0	0.0942407	0	0	0.0942407	1	1
B642	0	0.0752598	0	0	0.0752598	1	1
B644	0	0.0205985	0	0	0.0205985	1	1
B335	0	0.0924436	0	0	0.0924436	1	1
B336	0	0.0738397	0	0	0.0738397	1	1
B360	0	0.00118596	0	0	0.00118596	1	1
B361	0	0.0971304	0	0	0.0971304	1	1
B15	0	0.00876226	0	0	0.00876226	1	1
B387	0	0.0754925	0	0	0.0754925	1	1
B110	0	0.0234971	0	0	0.0234971	1	1
B416	0	0.0751138	0	0	0.0751138	1	1
B451	0	0.053112	0	0	0.053112	1	1
B450	0	0.0364069	0	0	0.0364069	1	1
B453	0	0.00306337	0	0	0.00306337	1	1
B452	0	0.0492925	0	0	0.0492925	1	1
B94	9	0.00734933	1.3798e-11	7.99438e-11	0.00734933	1	1
B231	23	0.0141433	2.64822e-11	2.95274e-10	0.0141433	1	1
B230	73	0.0310132	4.93451e-11	1.20646e-09	0.0310132	1	1
B229	66	0.0302501	4.70581e-11	1.12223e-09	0.0302501	1	1
B209	1897	0.0346	3.22293e-06	8.79119e-05	0.0346848	1.00245	1.00009
B35	2555	0.080934	3.22306e-06	0.000205646	0.081123	1.00234	1.00021
B97	2693	0.0985348	3.22308e-06	0.00025037	0.0987605	1.00229	1.00025
B193	2128	0.0820282	2.7532e-06	0.000178042	0.0821916	1.00199	1.00018
B192	2159	0.0884798	2.7532e-06	0.000192045	0.0886549	1.00198	1.00019
B211	1732	0.0414618	2.75313e-06	8.99903e-05	0.0415481	1.00208	1.00009
B212	1590	0.0332338	2.75309e-06	7.2131e-05	0.0333036	1.0021	1.00007
B218	1892	0.0530397	2.75316e-06	0.000115121	0.0531487	1.00206	1.00012
B222	1207	0.0196193	2.75294e-06	4.25796e-05	0.0196611	1.00213	1.00004
B228	0	0.098184	0	0	0.098184	1	1
B129	0	0.066845	0	0	0.066845	1	1
B227	0	0.0078005	0	0	0.0078005	1	1
B240	0	0.000375105	0	0	0.000375105	1	1
B239	0	0.0805976	0	0	0.0805976	1	1
B225	1207	0.019735	2.75294e-06	4.28306e-05	0.019777	1.00213	1.00004
B226	2178	0.0925887	2.75321e-06	0.000200964	0.0927711	1.00197	1.0002
B238	1301	0.0225465	2.75298e-06	4.89331e-05	0.0225943	1.00212	1.00005
B237	214	0.000566964	2.75085e-06	1.22954e-06	0.000568193	1.00217	1
B236	1701	0.0395505	2.75312e-06	8.58418e-05	0.039633	1.00208	1.00009
B220	0	0.0134881	0	0	0.0134881	1	1
B221	0	0.0415959	0	0	0.0415959	1	1
B223	0	0.0022556	0	0	0.0022556	1	1
B224	0	0.0725528	0	0	0.0725528	1	1
B233	0	0.0178394	0	0	0.0178394	1	1
B241	0	0.0419387	0	0	0.0419387	1	1
B89	0	0.0355068	0	0	0.0355068	1	1
B248	0	0.0247271	0	0	0.0247271	1	1
B256	0	0.0962901	0	0	0.0962901	1	1
B266	0	0.0152667	0	0	0.0152667	1	1
B265	0	0.0699397	0	0	0.0699397	1	1
B257	0	0.0952645	0	0	0.0952645	1	1
B32	0	0.020687	0	0	0.020687	1	1
B275	0	0.0842127	0	0	0.0842127	1	1
B274	0	0.0225634	0	0	0.0225634	1	1
B276	0	0.0830335	0	0	0.0830335	1	1
B291	0	0.0301247	0	0	0.0301247	1	1
B305	0	0.0132682	0	0	0.0132682	1	1
B306	0	0.0110901	0	0	0.0110901	1	1
B304	0	0.0454182	0	0	0.0454182	1	1
B320	0	0.0794262	0	0	0.0794262	1	1
B345	0	0.0272323	0	0	0.0272323	1	1
B17	0	0.00698863	0	0	0.00698863	1	1
B375	0	0.0670173	0	0	0.0670173	1	1
B397	0	0.0906459	0	0	0.0906459	1	1
B541	0	0.0201705	0	0	0.0201705	1	1
B542	0	0.0169693	0	0	0.0169693	1	1
B540	0	0.0488582	0	0	0.0488582	1	1
B631	0	0.0562726	0	0	0.0562726	1	1
B630	0	0.0741117	0	0	0.0741117	1	1
B658	0	0.0271656	0	0	0.0271656	1	1
B659	0	0.000919469	0	0	0.000919469	1	1
B690	0	0.0770976	0	0	0.0770976	1	1
B691	0	0.0783392	0	0	0.0783392	1	1
B722	0	0.0470715	0	0	0.0470715	1	1
B860	0	0.0740459	0	0	0.0740459	1	1
B862	0	0.0485335	0	0	0.0485335	1	1
B861	0	0.0532863	0	0	0.0532863	1	1
B904	0	0.039435	0	0	0.039435	1	1
B816	0	0.0939228	0	0	0.0939228	1	1
B817	0	0.0680704	0	0	0.0680704	1	1
B859	0	0.0936605	0	0	0.0936605	1	1
B901	0	0.0201274	0	0	0.0201274	1	1
B940	0	0.0738277	0	0	0.0738277	1	1
B939	0	0.0260939	0	0	0.0260939	1	1
B941	0	0.0845259	0	0	0.0845259	1	1
B985	0	0.072235	0	0	0.072235	1	1
B903	0	0.0885006	0	0	0.0885006	1	1
B902	0	0.00283524	0	0	0.00283524	1	1
B942	0	0.0437719	0	0	0.0437719	1	1
B986	0	0.0499534	0	0	0.0499534	1	1
B987	0	0.0907853	0	0	0.0907853	1	1
B943	0	0.0212756	0	0	0.0212756	1	1
B990	0	0.0174518	0	0	0.0174518	1	1
B989	0	0.0629487	0	0	0.0629487	1	1
B991	0	0.00919448	0	0	0.00919448	1	1
B988	0	0.0104178	0	0	0.0104178	1	1
B996	0	0.00330322	0	0	0.00330322	1	1
B994	0	0.0651755	0	0	0.0651755	1	1
B995	0	0.0872349	0	0	0.0872349	1	1
B993	0	0.0918172	0	0	0.0918172	1	1
B992	0	0.0587706	0	0	0.0587706	1	1
B944	0	0.0190401	0	0	0.0190401	1	1
B945	0	0.0792774	0	0	0.0792774	1	1
B997	0	0.0823849	0	0	0.0823849	1	1
B1000	0	0.089348	0	0	0.089348	1	1
B999	0	0.00205519	0	0	0.00205519	1	1
B998	0	0.0846669	0	0	0.0846669	1	1
B775	0	0.0635489	0	0	0.0635489	1	1
B774	0	0.0974418	0	0	0.0974418	1	1
B724	0	0.0687616	0	0	0.0687616	1	1
B723	0	0.00430392	0	0	0.00430392	1	1
B725	0	0.0130227	0	0	0.0130227	1	1
B776	0	0.0534828	0	0	0.0534828	1	1
B864	0	0.00151262	0	0	0.00151262	1	1
B863	0	0.0896275	0	0	0.0896275	1	1
B905	0	0.0466906	0	0	0.0466906	1	1
B951	0	0.00358144	0	0	0.00358144	1	1
B950	0	0.0814548	0	0	0.0814548	1	1
B949	0	0.0813174	0	0	0.0813174	1	1
B948	0	0.065377	0	0	0.065377	1	1
B947	0	0.0437656	0	0	0.0437656	1	1
B946	0	0.00189261	0	0	0.00189261	1	1
B906	0	0.0386836	0	0	0.0386836	1	1
B954	0	0.0621288	0	0	0.0621288	1	1
B952	0	0.0744129	0	0	0.0744129	1	1
B953	0	0.00108767	0	0	0.00108767	1	1
B204	18	0.00144777	1.70117e-06	1.94163e-06	0.00144971	1.00134	1
B203	3108	0.0697217	1.70383e-06	9.36519e-05	0.0698088	1.00125	1.00009
B819	0	0.0523211	0	0	0.0523211	1	1
B818	0	0.0478068	0	0	0.0478068	1	1
B910	0	0.0590845	0	0	0.0590845	1	1
B909	0	0.0539387	0	0	0.0539387	1	1
B957	0	0.0925129	0	0	0.0925129	1	1
B908	0	0.0399429	0	0	0.0399429	1	1
B907	0	0.05296	0	0	0.05296	1	1
B956	0	0.0577666	0	0	0.0577666	1	1
B955	0	0.0889867	0	0	0.0889867	1	1
B628	0	0.0858518	0	0	0.0858518	1	1
B656	0	0.099744	0	0	0.099744	1	1
B686	0	0.0819262	0	0	0.0819262	1	1
B687	0	0.0795615	0	0	0.0795615	1	1
B719	0	0.0199816	0	0	0.0199816	1	1
B770	0	0.035203	0	0	0.035203	1	1
B812	0	0.0245742	0	0	0.0245742	1	1
B811	0	0.00233541	0	0	0.00233541	1	1
B629	0	0.00884071	0	0	0.00884071	1	1
B688	0	0.00608087	0	0	0.00608087	1	1
B689	0	0.0685458	0	0	0.0685458	1	1
B721	0	0.0956159	0	0	0.0956159	1	1
B720	0	0.0878043	0	0	0.0878043	1	1
B773	0	0.0782421	0	0	0.0782421	1	1
B772	0	0.0335184	0	0	0.0335184	1	1
B771	0	0.0135013	0	0	0.0135013	1	1
B813	0	0.0584735	0	0	0.0584735	1	1
B815	0	0.0607058	0	0	0.0607058	1	1
B814	0	0.00801242	0	0	0.00801242	1	1
B657	0	0.0682938	0	0	0.0682938	1	1
B543	0	0.0146982	0	0	0.0146982	1	1
B544	0	0.0883359	0	0	0.0883359	1	1
B660	0	0.0600838	0	0	0.0600838	1	1
B661	0	0.0357901	0	0	0.0357901	1	1
B692	0	0.0972775	0	0	0.0972775	1	1
B663	0	0.0476607	0	0	0.0476607	1	1
B662	0	0.0696762	0	0	0.0696762	1	1
B632	0	0.0703115	0	0	0.0703115	1	1
B665	0	0.0058433	0	0	0.0058433	1	1
B664	0	0.0959974	0	0	0.0959974	1	1
B693	0	0.0119999	0	0	0.0119999	1	1
B726	0	0.0318089	0	0	0.0318089	1	1
B779	0	0.0253926	0	0	0.0253926	1	1
B780	0	0.0322833	0	0	0.0322833	1	1
B778	0	0.0250276	0	0	0.0250276	1	1
B823	0	0.0646741	0	0	0.0646741	1	1
B822	0	0.0171066	0	0	0.0171066	1	1
B820	0	0.0753584	0	0	0.0753584	1	1
B821	0	0.069199	0	0	0.069199	1	1
B95	0	0.0694209	0	0	0.0694209	1	1
B867	0	0.0114051	0	0	0.0114051	1	1
B866	0	0.0877277	0	0	0.0877277	1	1
B135	0	0.0303813	0	0	0.0303813	1	1
B959	0	0.0646909	0	0	0.0646909	1	1
B958	0	0.000599296	0	0	0.000599296	1	1
B913	0	0.0610702	0	0	0.0610702	1	1
B960	0	0.0839408	0	0	0.0839408	1	1
B865	0	0.0231201	0	0	0.0231201	1	1
B911	0	0.0527427	0	0	0.0527427	1	1
B912	0	0.0244194	0	0	0.0244194	1	1
B777	0	0.0396666	0	0	0.0396666	1	1
B727	0	0.0061512	0	0	0.0061512	1	1
B666	0	0.0467023	0	0	0.0467023	1	1
B783	0	0.0682032	0	0	0.0682032	1	1
B828	0	0.0886201	0	0	0.0886201	1	1
B870	0	0.0300974	0	0	0.0300974	1	1
B869	0	0.0470598	0	0	0.0470598	1	1
B961	0	0.0925992	0	0	0.0925992	1	1
B871	0	0.0685743	0	0	0.0685743	1	1
B784	0	0.0382288	0	0	0.0382288	1	1
B829	0	0.0808392	0	0	0.0808392	1	1
B830	0	0.0549962	0	0	0.0549962	1	1
B872	0	0.0180023	0	0	0.0180023	1	1
B916	0	0.0685137	0	0	0.0685137	1	1
B914	0	0.0116433	0	0	0.0116433	1	1
B915	0	0.0718757	0	0	0.0718757	1	1
B962	0	0.0299888	0	0	0.0299888	1	1
B832	0	0.0697174	0	0	0.0697174	1	1
B831	0	0.0795712	0	0	0.0795712	1	1
B694	0	0.0332312	0	0	0.0332312	1	1
B729	0	0.033649	0	0	0.033649	1	1
B728	0	0.0872803	0	0	0.0872803	1	1
B782	0	0.0568416	0	0	0.0568416	1	1
B781	0	0.0136205	0	0	0.0136205	1	1
B825	0	0.0546211	0	0	0.0546211	1	1
B824	0	0.0822968	0	0	0.0822968	1	1
B868	0	0.0977578	0	0	0.0977578	1	1
B827	0	0.0396313	0	0	0.0396313	1	1
B826	0	0.0292814	0	0	0.0292814	1	1
B547	0	0.0260469	0	0	0.0260469	1	1
B546	0	0.0387039	0	0	0.0387039	1	1
B545	0	0.0362079	0	0	0.0362079	1	1
B512	0	0.0726194	0	0	0.0726194	1	1
B536	0	0.0775702	0	0	0.0775702	1	1
B535	0	0.0630039	0	0	0.0630039	1	1
B537	0	0.0895789	0	0	0.0895789	1	1
B538	0	0.0117664	0	0	0.0117664	1	1
B625	0	0.0920339	0	0	0.0920339	1	1
B654	0	0.061555	0	0	0.061555	1	1
B653	0	0.0338283	0	0	0.0338283	1	1
B655	0	0.0495122	0	0	0.0495122	1	1
B623	0	0.00206994	0	0	0.00206994	1	1
B624	0	0.0965473	0	0	0.0965473	1	1
B539	0	0.0965405	0	0	0.0965405	1	1
B587	0	0.0595425	0	0	0.0595425	1	1
B586	0	0.0736712	0	0	0.0736712	1	1
B627	0	0.0257026	0	0	0.0257026	1	1
B626	0	0.0932448	0	0	0.0932448	1	1
B468	0	0.091169	0	0	0.091169	1	1
B514	0	0.0550016	0	0	0.0550016	1	1
B513	0	0.0872862	0	0	0.0872862	1	1
B515	0	0.0347117	0	0	0.0347117	1	1
B269	0	0.0325236	0	0	0.0325236	1	1
B268	0	0.0616926	0	0	0.0616926	1	1
B267	0	0.0989254	0	0	0.0989254	1	1
B242	0	0.00750699	0	0	0.00750699	1	1
B245	0	0.0457282	0	0	0.0457282	1	1
B244	0	0.0167947	0	0	0.0167947	1	1
B243	0	0.064918	0	0	0.064918	1	1
B246	0	0.084518	0	0	0.084518	1	1
B251	0	0.017129	0	0	0.017129	1	1
B250	0	0.0725707	0	0	0.0725707	1	1
B249	0	0.0564585	0	0	0.0564585	1	1
B252	0	0.0254455	0	0	0.0254455	1	1
B259	0	0.00184519	0	0	0.00184519	1	1
B258	0	0.0777331	0	0	0.0777331	1	1
B234	0	0.0243858	0	0	0.0243858	1	1
B235	0	0.0160994	0	0	0.0160994	1	1
B179	1064	0.0164778	0.0100783	0.13092	0.145241	8.81433	1.15064
B186	11943	0.0179805	0.000136823	0.00193947	0.0198851	1.10593	1.00194
B185	9153	0.00827796	0.000136821	0.000892888	0.00916346	1.10697	1.00089
B187	1280	0.00982204	0.00026464	0.00204917	0.0118511	1.20658	1.00205
B190	1129	0.0191688	1.41331e-05	0.000213577	0.0193783	1.01093	1.00021
B189	1129	0.0534052	5.07282e-06	0.000213577	0.0536074	1.00379	1.00021
B194	3047	0.0661328	1.70383e-06	8.88307e-05	0.0662158	1.00125	1.00009
B208	3005	0.0639361	1.70382e-06	8.58797e-05	0.0640164	1.00126	1.00009
B214	16	0.0287069	1.90957e-09	4.32159e-08	0.0287069	1	1
B213	16	0.0825231	6.64273e-10	4.32159e-08	0.0825232	1	1
B196	3877	0.0144034	4.98729e-06	5.66307e-05	0.0144593	1.00388	1.00006
B195	6534	0.0845168	4.98834e-06	0.000332368	0.0848211	1.0036	1.00033
B180	1326	0.0304192	0.0100783	0.241688	0.264755	8.70356	1.31872
B181	1668	0.0786079	0.0100783	0.62456	0.654072	8.32069	2.66354
B188	2	0.0956077	4.51642e-11	3.40415e-09	0.0956077	1	1
